{"rp_ids": ["rp_0", "rp_1", "rp_2", "rp_3", "rp_4", "rp_5", "rp_6", "rp_7", "rp_8", "rp_9", "rp_10", "rp_11", "rp_12", "rp_13", "rp_14", "rp_15"], "coords": [[-3.725895880853256, 17.56031745525875], [35.877089282353985, -19.985851439349794], [-22.06103068304033, -47.5391318610954], [-30.74141789110945, 24.40377528872341], [-54.54761900015122, -11.587422893382609], [30.088090084092407, 5.174370445360086], [8.26957161305836, -64.68521272018552], [12.84999937961165, 10.188719950197692], [46.33062123098117, -4.077017694985604], [-22.945449701951226, 32.668097410943695], [19.255429518645542, -48.894647119950285], [-47.887670480409724, -29.76511771325022], [-39.31860030927475, 18.386561073291187], [34.4244481004938, -4.024441644464704], [-14.27271651666631, 24.754743886947193], [20.80875598756029, 3.047991110943258]], "ap_ids": [[59, 60, 63, 65, 66, 69, 70, 73, 74, 77, 84, 85, 96, 97, 121, 122, 203, 204, 332, 489, 495, 501, 516, 517, 61, 62, 67, 78, 277, 389, 496, 502, 68, 87, 83, 503, 64, 132, 82, 486], [67, 68, 98, 99, 495, 501, 516, 69, 70, 77, 78, 277, 502, 73, 74, 96, 97, 117, 204, 84, 85, 332, 389, 517, 87, 203, 59, 60, 61, 496, 122, 62, 63, 65, 66, 121, 131, 132, 144, 145, 428, 478, 489, 503, 82, 83, 118, 456], [59, 60, 67, 68, 69, 70, 87, 277, 332, 389, 73, 74, 486, 496, 501, 502, 517, 495, 516, 61, 62, 489, 122, 98, 99, 121, 97, 65, 66, 77, 78, 96, 145, 82, 83, 85, 63, 249], [59, 60, 63, 67, 68, 73, 74, 87, 96, 97, 121, 122, 203, 204, 277, 332, 389, 495, 496, 501, 502, 516, 517, 113, 131, 140, 141, 61, 65, 66, 69, 132, 144, 145, 62, 114, 478, 6, 64, 70, 503], [59, 60, 61, 62, 69, 70, 73, 277, 332, 389, 68, 74, 67, 203, 204, 502, 260, 274, 315, 329, 371, 386, 394, 313, 496, 282, 340, 517, 372, 369, 258, 338, 64, 65, 66, 87, 96, 145, 486, 495, 516, 97, 284, 396, 484, 501, 98, 261, 77, 99, 489, 316, 109, 110, 174, 351, 122], [77, 78, 96, 97, 98, 99, 203, 501, 489, 516, 495, 117, 118, 204, 68, 73, 74, 517, 248, 67, 69, 70, 502, 496, 449], [59, 61, 62, 65, 66, 67, 68, 73, 74, 87, 277, 332, 389, 486, 97, 60, 69, 132, 502, 131, 517, 501, 96, 496, 70, 516, 144, 145, 495, 489, 64], [59, 60, 61, 62, 63, 64, 65, 66, 67, 68, 69, 70, 73, 74, 77, 96, 97, 121, 122, 203, 204, 277, 332, 389, 489, 495, 496, 501, 502, 516, 517, 78, 87, 98, 99, 484, 85, 248, 82, 83, 84, 144, 145], [67, 68, 96, 97, 98, 99, 204, 495, 501, 516, 117, 118, 489, 248, 70, 77, 78, 203, 428, 277, 479, 69, 60, 73, 74, 85, 332, 389, 496, 502, 517, 436, 456], [59, 60, 96, 97, 98, 121, 122, 131, 132, 203, 204, 277, 332, 389, 495, 501, 503, 516, 140, 114, 141, 73, 74, 113, 6, 478], [67, 68, 73, 74, 77, 78, 277, 332, 389, 69, 70, 495, 501, 516, 59, 60, 486, 62, 502, 61, 121, 122, 131, 496, 87, 144, 145, 249, 484, 96, 479, 517, 97, 432], [59, 60, 67, 69, 70, 87, 96, 277, 332, 389, 495, 496, 68, 82, 83, 502, 117, 97, 517, 78, 61, 62, 64, 73, 489, 63, 84, 98, 127, 128, 315, 118, 501, 74, 121, 432, 484, 516, 65, 66, 77, 511, 203, 204, 386, 99, 122, 138], [59, 60, 67, 68, 73, 74, 121, 203, 204, 277, 486, 61, 62, 77, 78, 96, 97, 122, 332, 389, 501, 502, 516, 517, 6, 140, 141, 496, 63, 87, 495, 98, 503, 113], [96, 97, 98, 99, 203, 204, 495, 501, 516, 69, 70, 73, 74, 77, 78, 332, 389, 489, 117, 118, 277, 496, 517, 67, 84, 85, 502, 68, 87, 82, 83, 59, 60, 248, 66], [59, 60, 61, 62, 65, 66, 73, 74, 77, 78, 84, 96, 97, 121, 122, 131, 132, 203, 204, 277, 332, 389, 495, 496, 501, 503, 516, 63, 64, 67, 68, 69, 70, 85, 489, 82, 83, 99, 517, 87, 484, 145, 144, 248, 502], [59, 60, 61, 62, 63, 64, 65, 66, 67, 68, 69, 70, 73, 74, 77, 78, 85, 87, 96, 97, 98, 99, 203, 204, 277, 332, 489, 495, 496, 501, 516, 517, 389, 502, 248, 145, 132, 484, 131]], "rssi": [[-84.29251700680273, -84.75, -88.13888888888889, -89.21904761904761, -89.90322580645162, -86.11877394636015, -86.375, -86.25308641975309, -86.90857142857143, -87.29012345679013, -85.72432432432433, -86.27659574468085, -61.74444444444445, -61.68333333333333, -86.5609756097561, -86.50251256281408, -70.76944444444445, -70.60335195530726, -85.44827586206897, -79.35172413793103, -68.77581120943952, -68.95548961424332, -69.14678899082568, -83.58558558558559, -88.93693693693693, -88.66183574879227, -87.20441988950276, -86.61313868613139, -84.95731707317073, -84.19310344827586, -80.97014925373135, -81.0701754385965, -86.94219653179191, -89.20289855072464, -88.41304347826087, -90.90697674418605, -89.01515151515152, -89.4, -86.52941176470588, -81.44444444444444], [-78.51552795031056, -78.35, -85.42537313432835, -85.4469696969697, -66.65413533834587, -67.40372670807453, -67.01459854014598, -85.20967741935483, -84.79166666666667, -87.51724137931035, -86.33333333333333, -83.6574074074074, -85.6029411764706, -88.89473684210526, -89.09433962264151, -87.56, -88.4, -94.66666666666667, -93.0, -91.11111111111111, -90.43478260869566, -83.81188118811882, -84.32222222222222, -83.9622641509434, -89.76923076923077, -91.0, -85.78571428571429, -86.55405405405405, -90.04545454545455, -83.765625, -89.95833333333333, -88.84615384615384, -90.0, -89.35714285714286, -89.875, -90.0, -89.5, -90.8, -85.0, -85.45454545454545, -90.57142857142857, -85.0, -89.32, -87.0, -86.41666666666667, -85.6086956521739, -85.36363636363636, -92.5], [-78.16867469879519, -78.1951219512195, -74.07954545454545, -73.81818181818181, -85.35714285714286, -78.08, -85.3030303030303, -52.69318181818182, -52.80681818181818, -53.03488372093023, -89.45454545454545, -89.28, -85.7741935483871, -81.17241379310344, -83.06382978723404, -80.3, -80.61702127659575, -83.24444444444444, -83.4, -85.82352941176471, -87.73529411764706, -84.07142857142857, -86.28571428571429, -85.22222222222223, -84.70588235294117, -87.2, -88.33333333333333, -89.0, -89.73684210526316, -84.0, -83.0, -87.5, -84.5, -81.0, -87.0, -78.0, -90.0, -87.0], [-85.3103448275862, -84.94252873563218, -91.44444444444444, -90.78571428571429, -91.1875, -89.21621621621621, -89.70588235294117, -93.28571428571429, -85.13333333333334, -85.33695652173913, -81.31818181818181, -81.35398230088495, -59.45, -59.28333333333333, -86.18181818181819, -87.82894736842105, -87.40298507462687, -82.49411764705883, -90.0909090909091, -83.07368421052631, -88.25, -82.62962962962963, -90.6, -92.125, -90.07142857142857, -87.84210526315789, -85.82142857142857, -92.55555555555556, -91.57142857142857, -91.6, -89.44444444444444, -92.25, -91.33333333333333, -90.8, -90.78260869565217, -91.71428571428571, -85.85714285714286, -92.33333333333333, -91.0, -92.0, -82.23076923076923], [-66.34579439252336, -66.17757009345794, -86.72916666666667, -86.9090909090909, -81.40816326530613, -81.64285714285714, -85.95121951219512, -78.4040404040404, -79.05319148936171, -78.77, -83.71084337349397, -85.94285714285714, -84.65822784810126, -88.7, -88.6842105263158, -87.18181818181819, -92.33333333333333, -86.53125, -88.8695652173913, -87.0, -91.28571428571429, -85.6923076923077, -86.65384615384616, -89.5, -87.55, -86.57142857142857, -84.95652173913044, -89.13636363636364, -90.45454545454545, -85.95, -87.61111111111111, -84.2, -89.0, -89.2, -87.7, -83.63333333333334, -87.43333333333334, -78.2, -86.45, -84.625, -85.875, -87.1923076923077, -84.3913043478261, -85.08333333333333, -91.375, -87.0, -89.46666666666667, -89.5, -82.0, -90.0, -90.0, -90.0, -89.0, -88.8, -89.0, -90.0, -92.0], [-88.73333333333333, -89.0, -83.33928571428571, -83.26, -85.26086956521739, -85.17391304347827, -89.57894736842105, -54.80701754385965, -81.22857142857143, -54.829787234042556, -55.02, -95.0, -94.0, -88.72222222222223, -93.0, -92.44444444444444, -92.375, -95.0, -91.33333333333333, -92.25, -92.4, -89.0, -94.0, -88.0, -95.0], [-76.0, -88.51282051282051, -88.36111111111111, -88.33333333333333, -88.66666666666667, -52.93650793650794, -53.01587301587302, -73.52380952380952, -73.41269841269842, -85.53061224489795, -69.78333333333333, -69.55555555555556, -69.17460317460318, -70.76271186440678, -87.26923076923077, -77.30434782608695, -88.42105263157895, -83.23076923076923, -85.66666666666667, -84.21428571428571, -81.73333333333333, -89.16666666666667, -89.42105263157895, -80.78260869565217, -88.6923076923077, -88.0909090909091, -89.0, -89.0, -87.0, -89.0, -89.0], [-85.58461538461539, -85.5, -87.14285714285714, -87.06976744186046, -89.76470588235294, -90.30555555555556, -91.08695652173913, -90.45833333333333, -85.31666666666666, -85.5, -86.47058823529412, -86.03076923076924, -87.61194029850746, -87.76712328767124, -88.23404255319149, -55.80769230769231, -55.84761904761905, -88.72222222222223, -89.0, -77.63291139240506, -76.21052631578948, -85.62962962962963, -87.65517241379311, -87.3, -71.6470588235294, -63.33009708737864, -76.85714285714286, -63.23809523809524, -77.95833333333333, -63.31372549019608, -79.28571428571429, -86.07142857142857, -89.77777777777777, -89.0, -87.55172413793103, -91.5909090909091, -86.0, -93.2, -83.0, -86.0, -79.0, -92.0, -93.0], [-81.32558139534883, -80.39837398373983, -86.97560975609755, -87.97368421052632, -81.07361963190183, -80.82208588957056, -87.76923076923077, -60.45454545454545, -61.04216867469879, -60.646153846153844, -84.31868131868131, -84.34905660377359, -87.54716981132076, -89.36, -88.54761904761905, -86.79411764705883, -82.14285714285714, -87.3157894736842, -95.0, -87.6842105263158, -91.26415094339623, -88.8, -89.0, -89.54545454545455, -90.36363636363636, -91.0, -86.47826086956522, -87.88, -88.0, -88.0, -88.75, -92.66666666666667, -88.25], [-86.5, -86.32894736842105, -77.3917525773196, -76.64948453608247, -91.0, -79.64077669902913, -78.96938775510205, -90.22222222222223, -90.28205128205128, -58.20909090909091, -58.3, -89.48387096774194, -88.37209302325581, -88.53125, -75.17525773195877, -74.82795698924731, -87.46551724137932, -75.20652173913044, -89.73333333333333, -90.46153846153847, -87.46666666666667, -87.0625, -86.9375, -89.93333333333334, -87.22222222222223, -95.0], [-55.67901234567901, -55.65432098765432, -81.0886075949367, -81.525, -85.475, -85.53488372093024, -77.79220779220779, -78.11538461538461, -77.60759493670886, -83.23684210526316, -83.36842105263158, -80.57407407407408, -81.45161290322581, -78.87719298245614, -85.88679245283019, -86.17857142857143, -82.58490566037736, -88.23809523809524, -84.48, -88.4423076923077, -90.0, -89.91666666666667, -89.64285714285714, -84.54, -86.45454545454545, -86.22222222222223, -85.33333333333333, -90.0, -90.66666666666667, -84.86666666666666, -92.0, -85.1, -89.0, -86.0], [-51.53333333333333, -51.2, -72.83333333333333, -72.35, -72.26666666666667, -80.28571428571429, -85.45714285714286, -62.8, -63.733333333333334, -63.1, -83.94117647058823, -83.58333333333333, -73.48148148148148, -85.55172413793103, -82.2, -82.8048780487805, -87.625, -82.69565217391305, -83.53846153846153, -82.125, -86.72727272727273, -86.95348837209302, -86.76, -94.0, -88.6, -83.59375, -86.0, -88.0909090909091, -87.0, -86.77777777777777, -88.0, -85.52941176470588, -84.54545454545455, -89.0, -90.33333333333333, -81.1, -90.0, -82.0, -89.5, -89.47058823529412, -69.0, -87.42857142857143, -87.0, -85.0, -89.0, -79.0, -86.0, -92.0], [-88.8, -88.05405405405405, -87.71428571428571, -88.84615384615384, -85.9047619047619, -85.5813953488372, -88.95121951219512, -78.58974358974359, -78.46753246753246, -88.83333333333333, -92.27272727272727, -92.33333333333333, -93.06666666666666, -87.77777777777777, -90.5, -91.57142857142857, -90.46153846153847, -88.27027027027027, -90.94444444444444, -90.19047619047619, -88.72727272727273, -89.66666666666667, -87.6, -89.85714285714286, -88.125, -87.57142857142857, -89.11111111111111, -87.7, -92.0, -94.0, -89.0, -93.0, -84.25, -95.0], [-79.22935779816514, -79.29126213592232, -77.54545454545455, -77.29357798165138, -88.23684210526316, -87.18840579710145, -41.03488372093023, -40.99090909090909, -41.09090909090909, -86.29508196721312, -88.2, -88.45454545454545, -89.21428571428571, -84.68493150684931, -82.84848484848484, -88.17857142857143, -88.09375, -86.7843137254902, -88.33333333333333, -90.23809523809524, -87.38235294117646, -90.6, -89.65, -87.76, -90.25, -90.0625, -88.95238095238095, -88.84, -95.0, -85.25, -85.85714285714286, -89.26086956521739, -86.88235294117646, -91.06666666666666, -95.0], [-86.61682242990655, -86.81818181818181, -87.3, -89.22448979591837, -89.52173913043478, -89.25, -86.24074074074075, -85.68571428571428, -87.11538461538461, -86.425, -88.78378378378379, -75.62048192771084, -75.62650602409639, -83.6025641025641, -83.18300653594771, -87.91891891891892, -88.42424242424242, -63.641176470588235, -63.514792899408285, -85.11340206185567, -85.74038461538461, -85.73958333333333, -75.79054054054055, -88.0, -76.6923076923077, -89.46875, -76.32624113475177, -89.29166666666667, -90.51851851851852, -88.0, -88.41935483870968, -86.73134328358209, -87.7, -87.86363636363636, -89.9090909090909, -85.75, -87.1304347826087, -92.0, -89.23076923076923, -90.0, -88.44444444444444, -89.4, -91.6, -95.0, -92.0], [-82.78, -83.0377358490566, -87.97222222222223, -87.53125, -85.94594594594595, -86.56862745098039, -88.48387096774194, -88.0909090909091, -79.23333333333333, -80.91428571428571, -80.57377049180327, -81.2741935483871, -82.5223880597015, -82.81538461538462, -84.77551020408163, -84.63157894736842, -89.0, -89.11538461538461, -60.5735294117647, -60.80882352941177, -84.50847457627118, -85.01754385964912, -79.58490566037736, -79.3076923076923, -87.1875, -87.85714285714286, -73.9245283018868, -48.5735294117647, -83.6896551724138, -48.64705882352941, -48.8235294117647, -83.48648648648648, -87.84615384615384, -84.6, -93.0, -89.0, -92.0, -92.0, -92.0]], "edges": [[12, 0, 35.60229328351355], [8, 5, 18.692458387836005], [9, 14, 11.74042013298034], [7, 9, 42.2686241315406], [13, 7, 25.835456259295277], [10, 1, 33.346634627847976], [6, 2, 34.84154882422083], [14, 7, 30.786535545854598], [15, 10, 51.96585888354502], [6, 13, 66.05911527998245], [2, 10, 41.338690172941874], [11, 14, 64.04982778188611], [13, 6, 66.05911527998245], [7, 15, 10.692605627270002], [3, 9, 11.36116808018377], [14, 11, 64.04982778188611], [12, 4, 33.62086740584607], [7, 8, 36.39317669722722], [10, 15, 51.96585888354502], [13, 5, 10.169667876106642], [2, 6, 34.84154882422083], [14, 3, 16.472440739535976], [3, 4, 43.152074780104996], [4, 2, 48.455173079709105], [1, 8, 19.035948132593504], [0, 14, 12.76695724144909], [15, 1, 27.524762867546723], [5, 15, 9.519849281837317], [6, 10, 19.236190784484453], [11, 4, 19.359326001951842], [0, 12, 35.60229328351355], [13, 15, 15.342958541101753], [1, 5, 25.81761563361937], [8, 1, 19.035948132593504], [7, 0, 18.141134293712874], [2, 4, 48.455173079709105], [3, 14, 16.472440739535976], [14, 0, 12.76695724144909], [12, 14, 25.842794881765204], [0, 3, 27.86882388270172], [9, 3, 11.36116808018377], [14, 4, 54.247772823808404], [15, 0, 28.505381215275154], [2, 11, 31.351728854257228], [13, 10, 47.364907517578395], [1, 10, 33.346634627847976], [10, 6, 19.236190784484453], [0, 9, 24.446600259984564], [5, 8, 18.692458387836005], [5, 7, 17.952589565089795], [10, 13, 47.364907517578395], [14, 9, 11.74042013298034], [7, 13, 25.835456259295277], [1, 2, 64.15612992632717], [15, 8, 26.497761339175405], [4, 3, 43.152074780104996], [10, 2, 41.338690172941874], [5, 13, 10.169667876106642], [15, 13, 15.342958541101753], [12, 11, 48.90821131016853], [2, 1, 64.15612992632717], [12, 3, 10.477352964794283], [3, 11, 56.81780484069544], [15, 7, 10.692605627270002], [7, 14, 30.786535545854598], [15, 5, 9.519849281837317], [11, 3, 56.81780484069544], [6, 11, 66.12903201195199], [11, 6, 66.12903201195199], [7, 5, 17.952589565089795], [9, 12, 21.726535411192177], [4, 14, 54.247772823808404], [1, 13, 16.027375613103032], [8, 7, 36.39317669722722], [6, 1, 52.53768105631563], [8, 13, 11.9062892142862], [3, 0, 27.86882388270172], [12, 9, 21.726535411192177], [5, 1, 25.81761563361937], [11, 2, 31.351728854257228], [1, 15, 27.524762867546723], [3, 12, 10.477352964794283], [0, 15, 28.505381215275154], [9, 0, 24.446600259984564], [1, 6, 52.53768105631563], [11, 12, 48.90821131016853], [4, 11, 19.359326001951842], [8, 15, 26.497761339175405], [9, 7, 42.2686241315406], [14, 12, 25.842794881765204], [13, 1, 16.027375613103032], [13, 8, 11.9062892142862], [4, 12, 33.62086740584607], [0, 7, 18.141134293712874]]}