{"rp_ids": ["rp_0", "rp_1", "rp_2", "rp_3", "rp_4", "rp_5", "rp_6", "rp_7", "rp_8", "rp_9", "rp_10", "rp_11", "rp_12", "rp_13"], "coords": [[-46.45335219385171, -8.3068010844722], [78.97954060887717, -22.438667782868905], [-11.43561863098609, 56.22175261834225], [4.336949765585987, -35.94414861569743], [46.88160214699524, -77.52329940648957], [38.20816152164225, -28.054501746568295], [-23.832687181716263, 39.68909066547418], [-61.88654656788822, -18.460013142956253], [26.87132663609733, 2.5634661238374457], [-25.230010296881844, 26.443803248279806], [93.59239352413897, -1.449015926816786], [54.551392390881894, -54.239353335053636], [-26.168697853447156, 2.4325783727690578], [-49.71646962809346, -29.3522658873293]], "ap_ids": [[106, 119, 120, 123, 124, 130, 134, 136, 137, 149, 166, 167, 170, 171, 173, 182, 183, 129, 184, 185, 35, 88, 89, 16, 148, 91, 178, 179, 125, 36, 15, 104, 105, 90, 126, 45, 135, 103, 168, 46, 155, 30], [101, 102, 107, 108, 113, 114, 115, 116, 141, 146, 147, 181, 259, 386, 131, 132, 140, 274, 478, 503, 6, 222, 396, 109, 110, 329, 334, 316, 12, 122, 248, 340, 370, 261, 282, 284, 295, 314, 351, 405, 288, 372, 223, 112, 180, 11, 278, 121, 145, 177, 344, 176, 260, 390, 374, 394, 400, 111, 338, 317], [90, 103, 104, 105, 106, 125, 126, 134, 135, 172, 173, 223, 248, 8, 222, 151, 150, 55, 177, 37, 191, 35, 91, 192, 190, 120, 289, 155, 156, 169, 38, 119, 56, 268, 170, 176, 36, 323, 380, 46, 193, 45, 168, 194], [15, 37, 38, 88, 89, 119, 120, 123, 148, 149, 166, 167, 178, 179, 188, 189, 255, 256, 257, 310, 311, 312, 344, 367, 368, 16, 109, 110, 111, 112, 223, 262, 295, 314, 334, 366, 374, 400, 405, 124, 171, 174, 175, 317, 10, 186, 187, 288, 46, 184, 185, 375, 351, 390], [109, 110, 111, 112, 188, 189, 257, 258, 259, 260, 262, 263, 278, 288, 295, 312, 313, 317, 318, 329, 344, 351, 368, 369, 374, 375, 400, 174, 175, 261, 274, 315, 316, 334, 372, 186, 187, 284, 314, 338, 340, 78, 370, 371, 386, 396, 77, 390, 83, 164, 394, 405, 82, 256, 165, 282, 367, 16, 148, 311, 15, 108, 286, 342, 88, 149], [15, 16, 37, 38, 89, 107, 108, 115, 116, 140, 178, 179, 222, 223, 248, 88, 112, 175, 255, 256, 288, 295, 310, 329, 334, 344, 351, 366, 370, 390, 400, 10, 189, 257, 262, 278, 284, 311, 312, 317, 340, 367, 368, 394, 396, 405, 374], [90, 103, 104, 105, 106, 125, 126, 134, 135, 172, 173, 248, 91, 192, 222, 223, 8, 191, 119, 120, 169, 170, 123, 168, 29, 30, 35, 46, 147, 151, 171, 136, 137, 178, 37, 150, 166, 167, 36, 156, 268, 323, 380, 23, 24, 27, 28, 143, 155, 142, 38, 124], [35, 119, 120, 123, 124, 129, 130, 136, 137, 148, 166, 167, 170, 171, 184, 185, 36, 29, 183, 149, 30, 142, 143, 103, 182, 45, 88, 89, 104, 178, 179, 27, 51, 52, 24, 46, 90, 106], [15, 16, 37, 38, 89, 107, 108, 115, 116, 140, 178, 179, 222, 223, 248], [90, 91, 103, 104, 105, 106, 119, 120, 125, 126, 134, 135, 169, 172, 173, 222, 171, 248, 38, 223, 136, 137, 168, 170, 123, 124, 183, 182, 167, 166, 37, 23, 24, 27, 28, 35, 36, 46, 143, 155, 8, 150, 151, 156, 268, 323, 380, 43, 44], [107, 108, 113, 114, 146, 147, 248, 478, 6, 140, 141, 176, 131, 132, 11, 12, 115, 116, 177, 503, 101, 102, 172, 173, 222, 223, 418, 168, 37, 38, 470], [101, 102, 107, 108, 111, 147, 255, 274, 278, 284, 288, 295, 310, 329, 334, 340, 344, 351, 371, 372, 374, 386, 390, 396, 400, 405, 109, 110, 112, 164, 165, 174, 175, 189, 258, 259, 261, 262, 263, 282, 313, 314, 316, 318, 338, 369, 370, 375, 188, 260, 317, 394, 6, 315, 115, 181, 366, 180, 116, 113, 141, 114, 88, 89, 140, 478], [90, 91, 103, 104, 106, 119, 120, 123, 124, 134, 135, 136, 137, 166, 167, 169, 170, 171, 172, 173, 105, 125, 126, 148, 168, 182, 183, 130, 88, 89], [88, 119, 120, 123, 124, 129, 130, 136, 137, 149, 166, 167, 171, 184, 185, 15, 16, 89, 148, 170, 178, 23, 179, 21, 312, 183, 182, 29, 30, 90, 45]], "rssi": [[-92.43589743589743, -63.96026490066225, -63.98675496688742, -76.04729729729729, -76.02649006622516, -84.81967213114754, -97.0, -79.5578231292517, -79.24832214765101, -86.92857142857143, -83.67549668874172, -83.83443708609272, -79.15894039735099, -79.06, -95.0, -89.52459016393442, -89.6953125, -85.55555555555556, -89.7741935483871, -90.2987012987013, -89.5925925925926, -87.22448979591837, -87.87272727272727, -93.0, -86.45098039215686, -87.84210526315789, -89.89473684210526, -90.95454545454545, -90.8, -90.32142857142857, -93.0, -87.70588235294117, -88.5, -89.22727272727273, -90.0, -94.15384615384616, -96.0, -91.83333333333333, -88.6, -90.85714285714286, -89.0, -90.0], [-74.73015873015873, -74.92857142857143, -58.753846153846155, -58.6, -73.72, -73.952, -76.77981651376147, -78.29752066115702, -76.79508196721312, -70.88333333333334, -71.21666666666667, -90.6875, -92.14285714285714, -79.53333333333333, -84.77777777777777, -85.25, -76.63025210084034, -81.4186046511628, -80.77777777777777, -84.275, -88.05263157894737, -88.5, -78.88235294117646, -90.83333333333333, -91.0, -81.64, -79.05555555555556, -86.47058823529412, -87.0, -92.0, -85.63636363636364, -80.02857142857142, -91.75, -82.33333333333333, -93.0, -79.07692307692308, -78.65217391304348, -82.4, -80.19047619047619, -77.92307692307692, -78.21428571428571, -84.625, -86.0, -78.66666666666667, -90.33333333333333, -86.0, -78.85714285714286, -90.0, -89.0, -92.0, -83.16666666666667, -94.0, -91.0, -78.52631578947368, -84.0, -84.0, -78.0, -84.4, -79.5, -88.0], [-86.2127659574468, -71.46724890829694, -70.3012048192771, -77.08119658119658, -77.5125, -85.21848739495799, -85.9539748953975, -87.01041666666667, -87.65306122448979, -82.07657657657657, -82.60986547085201, -92.31111111111112, -80.2969696969697, -79.66666666666667, -91.88235294117646, -77.9047619047619, -77.0253164556962, -97.0, -95.0, -83.75925925925925, -93.1875, -89.97142857142858, -86.27, -92.6842105263158, -96.0, -86.90322580645162, -98.0, -97.0, -91.11111111111111, -96.0, -93.85714285714286, -73.9, -94.0, -92.82758620689656, -97.0, -95.5, -91.0, -85.96428571428571, -90.85714285714286, -66.77777777777777, -95.0, -93.0, -89.0, -60.75], [-83.90697674418605, -72.3974358974359, -73.09302325581395, -53.51587301587302, -54.15079365079365, -83.83018867924528, -83.56716417910448, -83.44, -53.698412698412696, -52.785714285714285, -86.2936507936508, -85.475, -68.68253968253968, -68.06349206349206, -74.12698412698413, -72.344, -78.76315789473684, -72.88095238095238, -76.06611570247934, -74.68253968253968, -73.77049180327869, -76.37190082644628, -89.89690721649484, -73.184, -75.625, -81.25, -82.9367088607595, -82.78571428571429, -74.87209302325581, -75.64285714285714, -83.0, -88.90526315789474, -89.0, -85.05882352941177, -88.3972602739726, -78.25531914893617, -86.28865979381443, -90.92207792207792, -83.71111111111111, -80.71153846153847, -83.0, -81.45714285714286, -82.31884057971014, -86.23255813953489, -90.0, -74.0, -82.2, -92.51724137931035, -90.0, -83.0, -90.0, -84.21875, -91.0, -91.0], [-68.9, -68.875, -59.644444444444446, -59.56666666666667, -68.87640449438203, -68.76404494382022, -78.3, -73.09210526315789, -75.17777777777778, -76.01754385964912, -77.17647058823529, -74.23809523809524, -76.23809523809524, -78.98591549295774, -81.42857142857143, -80.0, -74.42424242424242, -76.41428571428571, -74.109375, -75.94594594594595, -78.01639344262296, -79.08333333333333, -79.36585365853658, -73.75, -77.93939393939394, -73.6842105263158, -79.16666666666667, -80.75, -80.52777777777777, -75.45614035087719, -75.0, -76.2280701754386, -75.84, -79.59183673469387, -77.02631578947368, -81.27906976744185, -81.36363636363636, -78.25641025641026, -77.25, -78.875, -79.05882352941177, -84.76923076923077, -80.0, -75.21428571428571, -74.75, -80.0, -85.05263157894737, -76.70967741935483, -80.25806451612904, -91.5, -81.13333333333334, -78.25, -74.60606060606061, -84.0, -88.9090909090909, -78.85, -87.0, -90.6, -75.5, -90.0, -91.0, -86.0, -80.0, -84.0, -87.0, -69.27272727272727], [-74.0, -90.0, -70.26470588235294, -69.0, -88.85, -77.4090909090909, -73.0, -73.0, -82.0, -91.0, -71.45454545454545, -73.5, -80.0, -82.0, -73.0, -85.6923076923077, -83.0, -83.0, -81.21052631578948, -84.16666666666667, -88.0, -85.5, -81.57894736842105, -91.0, -87.28571428571429, -89.0, -83.5, -80.36842105263158, -90.0, -84.0, -87.3, -91.0, -90.5, -85.8, -90.66666666666667, -88.75, -88.33333333333333, -84.88888888888889, -84.33333333333333, -90.2, -92.0, -84.1, -88.7, -90.0, -86.6, -88.5, -88.0], [-82.17605633802818, -64.14189189189189, -63.19642857142857, -64.8502994011976, -64.61077844311377, -80.94545454545455, -82.10179640718563, -82.56338028169014, -83.15277777777777, -77.06626506024097, -77.48214285714286, -78.95081967213115, -82.52054794520548, -93.11111111111111, -89.0, -88.37142857142857, -83.36538461538461, -93.4, -85.1076923076923, -88.29113924050633, -82.91666666666667, -92.0, -95.5, -92.35714285714286, -90.2, -90.25, -89.58823529411765, -90.5, -96.0, -71.03225806451613, -91.94117647058823, -93.66666666666667, -95.0, -99.0, -84.88679245283019, -63.523809523809526, -90.5, -93.5, -89.55172413793103, -91.0, -92.0, -86.0, -91.0, -83.0, -83.0, -92.4, -90.875, -83.0, -90.0, -94.0, -89.0, -91.0], [-90.5909090909091, -76.69444444444444, -77.12844036697248, -64.48181818181818, -64.60909090909091, -82.10280373831776, -81.60747663551402, -89.4659090909091, -89.41935483870968, -87.68, -76.16363636363636, -76.2, -87.83116883116882, -88.49425287356321, -88.24038461538461, -88.18867924528301, -89.8, -91.5, -96.0, -87.92307692307692, -94.2, -91.0909090909091, -90.92307692307692, -92.71428571428571, -96.0, -94.23076923076923, -88.0909090909091, -87.9, -90.5, -89.0, -87.0, -91.85714285714286, -87.0, -86.0, -93.0, -44.0, -86.0, -93.0], [-74.0, -90.0, -53.0, -53.0, -90.0, -74.0, -73.0, -73.0, -82.0, -91.0, -66.0, -65.0, -80.0, -82.0, -73.0], [-79.01851851851852, -76.92647058823529, -71.91025641025641, -76.05932203389831, -67.71186440677967, -65.51282051282051, -81.48684210526316, -82.34736842105264, -87.30882352941177, -89.08, -79.90291262135922, -80.33018867924528, -90.46808510638297, -85.23287671232876, -85.3, -89.66666666666667, -90.17391304347827, -78.55555555555556, -92.0, -89.57142857142857, -96.0, -95.75, -90.1470588235294, -84.62903225806451, -92.83333333333333, -92.0, -92.33333333333333, -92.66666666666667, -90.3695652173913, -91.23255813953489, -75.67307692307692, -83.0, -83.0, -82.0, -74.0, -80.14814814814815, -77.4, -91.0, -83.0, -90.0, -63.0, -62.0, -63.0, -91.0, -92.0, -86.0, -91.0, -86.2, -86.0], [-77.30526315789474, -76.92391304347827, -80.9375, -81.43076923076923, -65.53333333333333, -65.43333333333334, -78.41891891891892, -85.46511627906976, -89.75, -81.16071428571429, -82.25, -85.65384615384616, -88.5925925925926, -90.0, -80.9090909090909, -83.5625, -84.0625, -83.0625, -82.43478260869566, -83.63157894736842, -86.39393939393939, -88.23333333333333, -90.8, -90.2, -93.0, -90.0, -88.46153846153847, -94.0, -92.0, -93.0, -92.0], [-81.05555555555556, -81.83333333333333, -78.48148148148148, -81.26470588235294, -69.64285714285714, -90.75, -84.55555555555556, -74.86111111111111, -78.64864864864865, -80.03030303030303, -79.1891891891892, -78.57575757575758, -84.33333333333333, -75.70588235294117, -79.11111111111111, -80.03125, -79.47368421052632, -79.3225806451613, -83.58823529411765, -78.30434782608695, -82.15384615384616, -74.84848484848484, -79.875, -80.03448275862068, -79.67647058823529, -79.57142857142857, -56.73913043478261, -54.45454545454545, -65.6086956521739, -87.5, -88.0, -73.68181818181819, -73.68181818181819, -80.3, -84.0, -78.89285714285714, -78.10714285714286, -81.44827586206897, -84.14285714285714, -81.875, -83.7, -80.39285714285714, -78.1304347826087, -83.64285714285714, -80.8, -83.66666666666667, -77.57142857142857, -82.5625, -80.5, -82.81818181818181, -82.3913043478261, -81.4375, -93.33333333333333, -83.42857142857143, -78.18181818181819, -91.33333333333333, -83.0, -87.66666666666667, -75.125, -78.5, -88.1, -82.9, -88.0, -88.0, -84.0, -82.0], [-84.21052631578948, -85.3157894736842, -89.11111111111111, -90.05555555555556, -86.89473684210526, -82.6, -84.05, -87.52941176470588, -87.8, -85.84210526315789, -86.66666666666667, -92.16666666666667, -91.77777777777777, -89.89473684210526, -90.0, -89.13333333333334, -86.63157894736842, -86.65, -89.55555555555556, -90.26666666666667, -87.5, -91.0, -92.0, -95.0, -93.36363636363636, -90.5, -95.0, -96.0, -89.375, -86.66666666666667], [-90.35483870967742, -75.78787878787878, -75.70408163265306, -60.4040404040404, -60.343434343434346, -78.72340425531915, -78.25, -88.8157894736842, -89.08433734939759, -85.29885057471265, -80.57575757575758, -80.75757575757575, -88.76623376623377, -87.9, -88.15942028985508, -91.08, -91.35593220338983, -90.38356164383562, -85.9620253164557, -88.56944444444444, -91.33333333333333, -92.33333333333333, -93.57142857142857, -96.0, -95.0, -88.7, -91.55555555555556, -88.0, -85.0, -92.0, -92.0]], "edges": [[4, 5, 50.223406039413106], [10, 4, 89.27034579312809], [3, 5, 34.77794579245824], [12, 7, 41.3795250943103], [6, 0, 53.05940171603728], [0, 2, 73.41781736647347], [2, 9, 32.8178535269773], [7, 13, 16.33254244041099], [10, 1, 25.575397462431496], [0, 12, 22.952156169656668], [8, 4, 82.54878036126043], [6, 12, 37.32967524738098], [0, 13, 21.2969369665675], [9, 2, 32.8178535269773], [7, 9, 57.9659760366842], [8, 2, 65.92900549243619], [4, 3, 59.488429351751954], [8, 11, 63.188181954132624], [4, 11, 24.514645154330825], [1, 4, 63.75417080170324], [8, 9, 57.313347584841345], [1, 8, 57.79595715378269], [2, 12, 55.770412311511095], [11, 5, 30.866610567995163], [0, 7, 18.473527104788037], [8, 12, 53.04018598623933], [10, 5, 61.443185384641154], [1, 11, 40.10010008652443], [8, 1, 57.79595715378269], [11, 10, 65.65835432877122], [12, 3, 49.024154362965966], [5, 10, 61.443185384641154], [8, 5, 32.649407065600855], [12, 2, 55.770412311511095], [5, 11, 30.866610567995163], [13, 9, 60.932651522519116], [8, 10, 66.84160963715154], [6, 9, 13.318789383884097], [3, 12, 49.024154362965966], [9, 0, 40.71897276168885], [11, 1, 40.10010008652443], [3, 13, 54.45388017445185], [5, 3, 34.77794579245824], [6, 8, 62.842732394793366], [3, 4, 59.488429351751954], [9, 8, 57.313347584841345], [13, 0, 21.2969369665675], [3, 8, 44.61652758643012], [7, 12, 41.3795250943103], [13, 12, 39.55722285739403], [3, 11, 53.443472603230866], [1, 5, 41.156323253940656], [11, 3, 53.443472603230866], [3, 7, 68.49267449777996], [13, 3, 54.45388017445185], [12, 8, 53.04018598623933], [11, 4, 24.514645154330825], [5, 8, 32.649407065600855], [10, 8, 66.84160963715154], [12, 6, 37.32967524738098], [2, 8, 65.92900549243619], [0, 6, 53.05940171603728], [8, 6, 62.842732394793366], [4, 1, 63.75417080170324], [12, 0, 22.952156169656668], [12, 13, 39.55722285739403], [8, 3, 44.61652758643012], [1, 10, 25.575397462431496], [6, 2, 20.664370784016494], [4, 8, 82.54878036126043], [13, 7, 16.33254244041099], [2, 0, 73.41781736647347], [9, 13, 60.932651522519116], [5, 4, 50.223406039413106], [0, 9, 40.71897276168885], [2, 6, 20.664370784016494], [7, 0, 18.473527104788037], [4, 10, 89.27034579312809], [9, 6, 13.318789383884097], [10, 11, 65.65835432877122], [9, 12, 24.029566253913046], [5, 1, 41.156323253940656], [11, 8, 63.188181954132624], [12, 9, 24.029566253913046], [7, 3, 68.49267449777996], [9, 7, 57.9659760366842]]}