{"rp_ids": ["rp_0", "rp_1", "rp_2", "rp_3", "rp_4", "rp_5", "rp_6", "rp_7", "rp_8", "rp_9", "rp_10", "rp_11", "rp_12", "rp_13", "rp_14", "rp_15", "rp_16"], "coords": [[28.534081911832725, -25.517781593031376], [-21.974146713850434, 2.066657045545677], [-31.429183496199357, 65.56745250336826], [54.8554147086226, -7.678054966586583], [26.476636649382574, -47.211129390634596], [-25.79503106608983, -31.915464616380632], [2.369908663593196, 19.689666340313853], [-77.88828165004355, -8.557115165613078], [13.926920702612087, -14.020689623509297], [-48.910262628894685, 46.859038806976564], [-15.512522060145676, -16.02147523533174], [22.589155296979524, -63.1014401223067], [-73.65368262790267, 8.357233908177625], [69.02593576052918, 12.721455077922457], [-43.143252598957325, 71.35647176645163], [-50.758116129823065, 17.238950355909765], [-33.556851490090374, 11.965934081155973]], "ap_ids": [[107, 109, 110, 114, 115, 116, 174, 175, 176, 180, 186, 187, 188, 189, 255, 262, 274, 284, 288, 310, 317, 318, 329, 340, 344, 366, 374, 386, 390, 400, 15, 16, 88, 113, 165, 178, 179, 181, 248, 295, 314, 368, 405, 111, 112, 278, 334, 351, 370, 396, 6, 108, 261, 315, 316, 371, 372, 259, 263, 375, 148, 177, 89, 164, 367, 102, 258, 338, 478, 82, 260, 369, 503], [15, 16, 37, 38, 88, 89, 170, 178, 179, 183, 222, 223, 166, 119, 123, 129, 167, 171, 182, 149, 91, 148, 184, 185, 120], [8, 90, 91, 103, 104, 105, 106, 126, 167, 168, 172, 173, 191, 192, 248, 35, 125, 222, 223, 166, 169, 183, 454, 45, 46, 36, 170, 142, 143, 171, 182, 28, 113, 27, 177, 15, 55, 56, 345, 289, 401, 449], [101, 107, 108, 113, 114, 115, 116, 140, 141, 146, 147, 164, 165, 174, 175, 176, 177, 180, 181, 188, 189, 274, 284, 329, 340, 386, 396, 102, 133, 222, 223, 248, 145, 478, 503, 11, 144, 400, 6, 12, 132, 127, 432, 131, 187, 288, 295, 316, 344, 351, 370, 405], [84, 108, 109, 110, 111, 112, 115, 116, 164, 165, 174, 175, 179, 186, 187, 188, 189, 274, 284, 288, 295, 316, 329, 334, 340, 344, 366, 370, 372, 386, 396, 400, 15, 16, 89, 178, 255, 259, 262, 263, 278, 310, 311, 317, 318, 351, 374, 375, 390, 85, 180, 261, 314, 82, 83, 257, 258, 286, 312, 342, 368, 369, 371], [15, 16, 37, 38, 88, 89, 148, 149, 164, 167, 174, 178, 179, 189, 367, 368, 400, 111, 166, 184, 186, 187, 310, 311, 312, 374, 375, 182, 183, 185, 308, 364, 415, 175, 188, 256, 262, 263, 109, 288, 10, 165, 223, 112, 317, 21, 344, 257, 123, 22, 259, 295, 314, 370, 405, 170, 171, 124, 120, 366, 110, 351, 390, 255, 334, 222, 119, 369, 278, 318, 258, 313], [15, 16, 37, 38, 88, 89, 91, 115, 168, 169, 178, 179, 191, 192, 222, 223, 248, 56, 176, 177, 90, 180, 55, 86], [15, 16, 45, 119, 120, 123, 124, 129, 130, 148, 166, 167, 170, 171, 182, 183, 184, 185, 46, 137, 490, 179, 149, 88, 89, 178, 446, 23, 136, 90, 91, 172, 206, 169, 173, 29, 30, 168, 49, 50], [37, 38, 178, 179, 223, 311, 312, 368, 374, 390, 400, 15, 16, 222, 255, 256, 278, 310, 334, 367, 370, 284, 344, 405, 165, 175, 257, 288, 317, 366, 107, 262, 10, 109, 111, 115, 174, 188, 189, 259, 263, 295, 314, 318, 351, 375, 88, 89, 148, 149, 167, 91, 113, 116, 248, 21, 22, 396, 340, 55, 164, 112], [90, 91, 103, 104, 105, 106, 125, 126, 166, 167, 168, 169, 171, 172, 173, 191, 192, 119, 120, 135, 182, 183, 36, 170, 134, 223, 222, 8, 248, 184, 185, 146, 15, 468, 46, 142, 143, 45, 17], [15, 16, 37, 38, 178, 179, 222, 223, 255, 256, 312, 314, 344, 370, 88, 89, 148, 149, 400, 167, 262, 367, 368, 189, 166, 183, 351, 310, 366, 374, 182, 188, 288, 311, 164, 334, 257, 317, 170, 171, 10, 174, 165, 278, 110, 111, 112, 186, 187, 259, 263, 295, 318, 375, 390, 405, 119, 120, 175, 109, 184, 185], [15, 77, 78, 83, 84, 85, 109, 110, 111, 112, 148, 149, 164, 165, 174, 175, 186, 187, 188, 189, 257, 258, 260, 274, 286, 312, 315, 329, 338, 342, 367, 368, 369, 371, 372, 386, 398, 400, 16, 82, 88, 89, 179, 255, 259, 261, 262, 263, 278, 288, 310, 314, 316, 317, 318, 334, 370, 374, 375, 390, 59, 282, 313, 394, 256, 295, 344, 366, 311, 178, 351], [91, 103, 119, 120, 123, 124, 136, 137, 166, 167, 170, 171, 173, 182, 183, 184, 185, 15, 16, 45, 46, 130, 90, 105, 106, 126, 135, 169, 172, 104, 129, 168, 23, 446, 30, 148, 149, 364, 415, 192, 29, 308, 178, 89], [11, 12, 113, 114, 115, 116, 121, 144, 145, 146, 147, 176, 177, 181, 248, 418, 478, 503, 55, 56, 86, 108, 222, 223, 362, 413, 180, 107, 189, 489, 198, 449, 6, 140, 141, 432, 112, 175, 261, 284, 340, 396], [45, 46, 90, 91, 103, 104, 105, 106, 126, 168, 169, 172, 173, 191, 192, 8, 36, 142, 150, 151, 155, 156, 248, 268, 125, 166, 222, 35, 223, 17, 143, 289, 404, 55, 56, 167, 373, 294, 345, 170, 171, 401, 350, 29, 30, 134, 135, 343, 407], [88, 90, 91, 105, 106, 119, 120, 134, 135, 137, 166, 167, 168, 169, 170, 171, 172, 178, 182, 183, 185, 191, 103, 104, 126, 136, 142, 143, 173, 184, 192], [37, 38, 90, 91, 167, 170, 171, 178, 179, 222, 223, 248, 15, 10, 89, 182, 183, 16, 88, 166, 168, 169, 148, 22, 172, 149]], "rssi": [[-85.79661016949153, -87.34285714285714, -87.81481481481481, -83.08196721311475, -79.91780821917808, -79.83561643835617, -81.8082191780822, -81.66666666666667, -88.0952380952381, -85.91111111111111, -87.68085106382979, -88.79591836734694, -84.72602739726027, -84.95890410958904, -89.28205128205128, -85.88235294117646, -87.96969696969697, -83.21875, -85.36, -87.82608695652173, -85.625, -93.625, -87.77777777777777, -82.61538461538461, -85.10204081632654, -88.82352941176471, -86.54285714285714, -88.57142857142857, -85.83333333333333, -84.65714285714286, -91.1875, -91.875, -91.0, -85.28888888888889, -84.82978723404256, -88.79166666666667, -87.14634146341463, -84.38983050847457, -88.2, -82.77083333333333, -88.825, -96.0, -81.9, -92.66666666666667, -94.4, -83.38461538461539, -87.41176470588235, -81.26666666666667, -87.79166666666667, -83.24137931034483, -94.0, -85.44067796610169, -89.75, -88.41666666666667, -83.0, -90.19047619047619, -85.63636363636364, -87.02380952380952, -94.0, -93.85714285714286, -95.0, -90.07142857142857, -91.0, -83.95121951219512, -92.0, -91.22222222222223, -89.89473684210526, -76.0, -83.33333333333333, -90.0, -90.88235294117646, -90.0, -88.7], [-85.89285714285714, -86.27586206896552, -84.83333333333333, -84.86666666666666, -84.16666666666667, -84.24137931034483, -93.3125, -70.7, -70.9, -94.6923076923077, -90.1875, -89.26666666666667, -97.28571428571429, -96.66666666666667, -95.0, -96.0, -95.5, -93.66666666666667, -94.0, -95.22222222222223, -97.0, -95.25, -98.0, -98.0, -95.0], [-95.5, -74.9, -74.8125, -82.0, -82.07042253521126, -88.73684210526316, -88.41176470588235, -93.78571428571429, -94.44444444444444, -90.0, -67.3625, -67.5125, -81.40506329113924, -81.2625, -83.13793103448276, -95.0, -93.65217391304348, -90.78260869565217, -90.66666666666667, -94.63636363636364, -89.41509433962264, -96.8, -95.0, -98.0, -94.0, -93.8, -93.63157894736842, -89.0, -90.0, -93.76, -94.8, -97.0, -96.33333333333333, -94.0, -96.0, -96.0, -91.6, -92.9, -98.0, -99.0, -99.5, -94.5], [-82.144578313253, -74.44859813084112, -74.84347826086956, -60.74683544303797, -61.075949367088604, -58.860759493670884, -59.05907172995781, -87.24657534246575, -85.95505617977528, -80.80341880341881, -81.31782945736434, -88.66666666666667, -86.7, -80.46428571428571, -86.55882352941177, -79.15315315315316, -79.32272727272728, -76.01777777777778, -76.58260869565217, -85.8409090909091, -85.66666666666667, -85.0, -85.63, -87.73333333333333, -85.7625, -87.89473684210526, -85.0657894736842, -85.53623188405797, -88.0, -81.47272727272727, -83.11340206185567, -83.68115942028986, -85.10084033613445, -82.9496855345912, -81.57657657657657, -86.53125, -85.57575757575758, -88.63636363636364, -88.88235294117646, -84.80645161290323, -87.18181818181819, -79.4, -87.46666666666667, -91.0, -80.0, -84.0, -82.6, -81.0, -84.0, -85.75, -86.0, -88.0], [-88.8, -89.0, -72.03333333333333, -71.91666666666667, -82.30434782608695, -79.76086956521739, -75.71428571428571, -81.0, -69.83333333333333, -70.41666666666667, -54.333333333333336, -54.483333333333334, -85.27586206896552, -81.63793103448276, -81.58181818181818, -67.06666666666666, -67.18333333333334, -86.2, -84.0, -85.21951219512195, -83.6, -86.93333333333334, -85.95454545454545, -82.42857142857143, -85.70588235294117, -83.96551724137932, -84.16666666666667, -86.88, -87.56666666666666, -85.46428571428571, -86.15, -84.17241379310344, -88.60714285714286, -88.62068965517241, -84.0, -84.10526315789474, -82.15384615384616, -86.12, -85.0, -91.0, -84.8, -85.0, -86.0, -85.66666666666667, -90.85, -86.88461538461539, -82.66666666666667, -91.18181818181819, -82.2, -88.66666666666667, -89.0, -86.0, -90.04347826086956, -85.0, -84.0, -79.0, -90.0, -92.0, -88.0, -86.0, -81.0, -86.0, -90.0], [-87.65811965811966, -87.73504273504274, -90.28205128205128, -90.05714285714286, -85.95238095238095, -86.01960784313725, -76.09243697478992, -76.12711864406779, -91.81818181818181, -90.47619047619048, -94.5, -70.93333333333334, -70.89166666666667, -88.36263736263736, -91.61111111111111, -91.44444444444444, -95.26315789473684, -94.53846153846153, -90.24675324675324, -84.76119402985074, -88.91935483870968, -89.1774193548387, -95.76470588235294, -90.42857142857143, -91.23684210526316, -92.93939393939394, -97.81818181818181, -95.11764705882354, -94.83333333333333, -85.62711864406779, -93.0, -94.66666666666667, -95.66666666666667, -94.08333333333333, -88.08888888888889, -90.56, -92.22222222222223, -97.16666666666667, -95.33333333333333, -95.1304347826087, -95.4, -92.36842105263158, -96.0, -94.36363636363636, -92.43333333333334, -95.12, -95.14285714285714, -91.70270270270271, -95.0, -94.65, -95.8, -94.33333333333333, -97.07692307692308, -97.44444444444444, -92.8, -94.96428571428571, -94.91666666666667, -95.2, -96.6, -95.42857142857143, -95.5, -94.25, -95.28571428571429, -96.83333333333333, -94.66666666666667, -95.5, -97.2, -100.0, -94.33333333333333, -99.5, -99.0, -99.0], [-82.85714285714286, -82.71428571428571, -66.46, -66.54, -88.7, -88.375, -91.5, -96.0, -93.63636363636364, -91.45454545454545, -82.7, -82.54, -93.38095238095238, -93.0, -66.88, -68.26, -85.21052631578948, -94.8, -96.0, -96.0, -97.5, -98.0, -95.5, -94.42857142857143], [-86.45833333333333, -86.63461538461539, -92.1891891891892, -89.22, -89.20370370370371, -72.41379310344827, -72.29310344827586, -86.74545454545455, -87.11111111111111, -90.76923076923077, -52.46551724137931, -52.08620689655172, -73.10344827586206, -73.25862068965517, -85.73214285714286, -85.75862068965517, -70.40350877192982, -70.85964912280701, -92.6842105263158, -96.5, -92.08333333333333, -95.0, -89.81818181818181, -93.625, -94.25, -94.8, -93.6, -97.0, -97.125, -96.45454545454545, -96.0, -95.5, -98.8, -99.5, -94.2, -97.33333333333333, -96.5, -100.0, -100.0, -99.0], [-94.17142857142858, -93.25641025641026, -83.32758620689656, -83.30508474576271, -93.13725490196079, -91.06896551724138, -92.16, -93.14285714285714, -92.54166666666667, -91.47619047619048, -91.5609756097561, -92.8, -93.04347826086956, -93.8, -90.05128205128206, -91.16666666666667, -89.35714285714286, -89.20588235294117, -91.87096774193549, -88.78947368421052, -93.26666666666667, -96.42857142857143, -90.1875, -93.33333333333333, -95.0, -95.4, -92.79310344827586, -91.51428571428572, -92.6086956521739, -89.54054054054055, -96.0, -93.625, -94.6, -96.0, -96.0, -94.88888888888889, -95.42857142857143, -93.05263157894737, -94.64285714285714, -92.625, -91.0, -92.11111111111111, -94.19047619047619, -92.2, -91.5, -92.33333333333333, -67.0, -89.8, -92.75, -84.0, -93.0, -94.0, -94.0, -94.66666666666667, -92.0, -94.0, -92.57142857142857, -95.0, -97.0, -97.0, -95.0, -95.0], [-60.33673469387755, -60.41836734693877, -82.70526315789473, -83.1938775510204, -78.68041237113403, -79.0, -92.6470588235294, -92.37931034482759, -93.22058823529412, -92.94594594594595, -78.2421052631579, -77.33684210526316, -92.3768115942029, -61.93877551020408, -62.02040816326531, -84.98666666666666, -85.35064935064935, -92.8048780487805, -92.1951219512195, -93.70270270270271, -93.42222222222222, -93.66666666666667, -94.66666666666667, -92.81967213114754, -94.37209302325581, -90.09375, -90.76, -97.0, -89.80357142857143, -97.14285714285714, -97.6, -97.0, -97.0, -94.77777777777777, -95.25, -91.5, -90.4, -94.66666666666667, -96.0], [-80.5934065934066, -80.72631578947369, -84.57142857142857, -84.08571428571429, -59.28813559322034, -59.38135593220339, -93.86666666666666, -92.95588235294117, -92.83783783783784, -91.09375, -93.45454545454545, -97.76470588235294, -93.81481481481481, -95.1875, -72.65517241379311, -72.70689655172414, -85.55140186915888, -85.22222222222223, -94.27272727272727, -94.42105263157895, -94.6086956521739, -91.17647058823529, -93.2, -90.61111111111111, -95.85714285714286, -94.66666666666667, -93.625, -92.44736842105263, -91.57142857142857, -94.92592592592592, -94.9090909090909, -88.97674418604652, -94.07407407407408, -90.67647058823529, -92.0, -92.11111111111111, -92.8, -94.72222222222223, -94.96296296296296, -94.38095238095238, -95.0, -95.42857142857143, -93.27272727272727, -90.66666666666667, -95.0, -93.7, -93.11111111111111, -92.76923076923077, -93.0909090909091, -97.66666666666667, -96.0, -92.5, -96.0, -95.8, -92.29411764705883, -92.5, -96.0, -95.66666666666667, -96.0, -95.66666666666667, -97.66666666666667, -97.75], [-84.03508771929825, -87.625, -86.2, -81.7375, -81.89830508474576, -81.18181818181819, -83.80246913580247, -85.25, -72.21428571428571, -72.16666666666667, -76.5, -79.33333333333333, -79.57142857142857, -80.59740259740259, -65.88095238095238, -66.01190476190476, -68.54761904761905, -68.75, -53.17857142857143, -53.166666666666664, -80.23880597014926, -82.4054054054054, -84.48484848484848, -82.18181818181819, -82.21951219512195, -81.6376811594203, -84.30434782608695, -84.1304347826087, -82.5, -85.50847457627118, -87.54545454545455, -81.3108108108108, -81.52173913043478, -86.55172413793103, -84.7, -86.6, -84.31111111111112, -87.95, -85.70967741935483, -82.07575757575758, -83.54545454545455, -86.5, -88.76923076923077, -78.0, -83.64285714285714, -87.55555555555556, -79.25, -81.85, -85.63636363636364, -85.92592592592592, -82.0, -84.21739130434783, -85.33333333333333, -82.13636363636364, -83.1470588235294, -84.53333333333333, -85.06896551724138, -79.95238095238095, -83.25, -82.0, -90.0, -84.95238095238095, -80.5, -83.7, -87.80952380952381, -89.0, -86.0, -87.0, -92.42857142857143, -91.0, -90.0], [-91.34482758620689, -96.66666666666667, -74.75806451612904, -73.86440677966101, -79.19354838709677, -79.20967741935483, -86.96, -86.3265306122449, -54.03225806451613, -53.88709677419355, -59.596774193548384, -59.83870967741935, -93.95, -72.50819672131148, -73.06451612903226, -76.69354838709677, -76.09836065573771, -92.68181818181819, -92.16666666666667, -92.52631578947368, -92.42105263157895, -92.76, -92.14285714285714, -93.5, -95.16666666666667, -91.0, -93.0, -94.63157894736842, -94.78947368421052, -97.33333333333333, -93.29629629629629, -95.38888888888889, -98.0, -95.0, -96.0, -97.42857142857143, -97.14285714285714, -95.33333333333333, -95.5, -97.0, -95.0, -95.11111111111111, -98.0, -95.0], [-85.9090909090909, -85.625, -64.83193277310924, -64.97478991596638, -76.09174311926606, -76.35714285714286, -90.0, -88.08333333333333, -87.53571428571429, -75.73451327433628, -76.81512605042016, -78.26724137931035, -78.54700854700855, -86.61538461538461, -79.23684210526316, -88.0, -85.08571428571429, -84.53488372093024, -87.125, -87.5, -85.23333333333333, -86.34782608695652, -89.1, -88.46153846153847, -87.0, -84.0, -86.25, -86.975, -87.45454545454545, -89.0, -89.44444444444444, -91.0, -89.0, -88.75, -89.0, -88.5, -90.0, -80.0, -87.0, -80.0, -83.0, -82.0], [-93.0, -91.91304347826087, -75.65714285714286, -75.7, -81.0327868852459, -80.05084745762711, -86.91111111111111, -87.41666666666667, -93.61904761904762, -91.5625, -91.25, -62.94285714285714, -62.97142857142857, -81.36764705882354, -81.71014492753623, -90.63461538461539, -95.53333333333333, -94.8, -84.38095238095238, -88.02702702702703, -97.5, -94.0, -86.8125, -98.0, -93.79166666666667, -96.0, -89.6, -94.8125, -90.8, -95.0, -94.16666666666667, -96.0, -93.375, -94.0, -91.0, -96.5, -95.0, -94.28571428571429, -94.71428571428571, -98.07692307692308, -98.42857142857143, -97.16666666666667, -93.25, -95.0, -94.5, -99.0, -99.0, -96.0, -99.0], [-95.33333333333333, -73.4, -73.7, -87.75, -87.0, -90.9, -89.8, -92.2, -93.5, -95.1, -85.5, -85.6, -85.88888888888889, -86.5, -81.5, -81.8, -93.0, -97.0, -85.1, -85.5, -92.5, -95.2, -91.0, -90.0, -93.0, -95.16666666666667, -90.66666666666667, -93.0, -74.0, -90.0, -96.0], [-92.83018867924528, -91.8409090909091, -93.17777777777778, -93.38636363636364, -96.0, -93.14814814814815, -93.72413793103448, -86.27692307692308, -86.22388059701493, -94.65, -94.9090909090909, -91.37777777777778, -95.65217391304348, -94.92307692307692, -95.47368421052632, -95.6, -95.0, -95.4090909090909, -95.53333333333333, -96.66666666666667, -91.0, -93.75, -97.33333333333333, -98.0, -96.0, -95.0]], "edges": [[5, 8, 43.56668938949314], [0, 3, 31.797301871474087], [1, 16, 15.236624815269716], [3, 8, 41.41703316259188], [5, 7, 57.09044793541882], [3, 0, 31.797301871474087], [6, 3, 59.19223356433672], [3, 13, 24.838350930336595], [7, 16, 48.85152249840443], [8, 13, 61.24576527062822], [12, 7, 17.43637099480167], [16, 12, 40.25889447355314], [4, 5, 54.463608094241366], [14, 15, 54.65063833308964], [8, 0, 18.58903661699038], [11, 4, 16.358926811205404], [15, 12, 24.557928502337095], [16, 1, 15.236624815269716], [0, 8, 18.58903661699038], [14, 9, 25.167094116909357], [16, 5, 44.56257407227055], [15, 7, 37.4363844080229], [10, 0, 45.058663494422355], [13, 3, 24.838350930336595], [7, 5, 57.09044793541882], [8, 10, 29.507353884178876], [14, 6, 68.85424192490474], [12, 1, 52.0609814501849], [11, 10, 60.5661696922074], [5, 1, 34.196253447989726], [11, 5, 57.563830295355146], [8, 3, 41.41703316259188], [5, 4, 54.463608094241366], [7, 1, 56.91445353912661], [16, 15, 17.991336966438503], [13, 4, 73.50073153330209], [11, 8, 49.839285485378475], [16, 2, 53.64372981308245], [2, 15, 52.05047316376734], [6, 10, 39.93828941285697], [16, 10, 33.3000436159623], [1, 8, 39.3406833251755], [6, 14, 68.85424192490474], [0, 13, 55.69407014468788], [6, 13, 67.01926526413718], [1, 10, 19.207631883599934], [6, 1, 30.053344053923976], [15, 1, 32.53790681090852], [0, 4, 21.79069571344052], [5, 16, 44.56257407227055], [1, 7, 56.91445353912661], [8, 1, 39.3406833251755], [0, 10, 45.058663494422355], [16, 9, 38.121594811920495], [3, 4, 48.664350581847096], [1, 6, 30.053344053923976], [14, 16, 60.15924744184064], [4, 10, 52.30567823345141], [10, 6, 39.93828941285697], [4, 13, 73.50073153330209], [9, 15, 29.67767178216502], [2, 16, 53.64372981308245], [8, 4, 35.483808452303954], [13, 8, 61.24576527062822], [15, 9, 29.67767178216502], [0, 11, 38.05093350893195], [1, 15, 32.53790681090852], [9, 14, 25.167094116909357], [6, 8, 35.63639468966655], [15, 14, 54.65063833308964], [16, 14, 60.15924744184064], [4, 11, 16.358926811205404], [15, 16, 17.991336966438503], [6, 2, 56.98376868941802], [5, 11, 57.563830295355146], [13, 6, 67.01926526413718], [7, 15, 37.4363844080229], [10, 5, 18.9301053853965], [10, 8, 29.507353884178876], [8, 11, 49.839285485378475], [8, 5, 43.56668938949314], [12, 16, 40.25889447355314], [6, 16, 36.74762761256108], [1, 12, 52.0609814501849], [15, 2, 52.05047316376734], [11, 0, 38.05093350893195], [9, 16, 38.121594811920495], [3, 6, 59.19223356433672], [5, 10, 18.9301053853965], [2, 9, 25.60454785148319], [10, 16, 33.3000436159623], [8, 6, 35.63639468966655], [2, 6, 56.98376868941802], [4, 3, 48.664350581847096], [0, 6, 52.23291405244411], [13, 0, 55.69407014468788], [1, 5, 34.196253447989726], [14, 2, 13.066451659595241], [12, 15, 24.557928502337095], [10, 4, 52.30567823345141], [4, 0, 21.79069571344052], [9, 2, 25.60454785148319], [10, 11, 60.5661696922074], [7, 12, 17.43637099480167], [6, 0, 52.23291405244411], [2, 14, 13.066451659595241], [16, 6, 36.74762761256108], [9, 12, 45.76708220667433], [16, 7, 48.85152249840443], [4, 8, 35.483808452303954], [10, 1, 19.207631883599934], [12, 9, 45.76708220667433]]}