{"rp_ids": ["rp_0", "rp_1", "rp_2", "rp_3", "rp_4", "rp_5", "rp_6", "rp_7", "rp_8", "rp_9", "rp_10", "rp_11", "rp_12", "rp_13", "rp_14", "rp_15", "rp_16"], "coords": [[0.8941449176967441, 34.9657791051536], [-23.572263263495035, -20.142298452472417], [44.89199100282381, 26.08160718918048], [0.2532645764381276, -53.02687062210206], [18.171542353018985, 18.333797052502632], [-3.333702183384614, 52.89441554179462], [-47.74635764505809, -27.30954832408358], [-6.498101041609962, -29.98815766300233], [-12.336557647856353, -20.649302944540977], [4.1556276478674645, 26.941438229754567], [4.239682354507932, 10.004837055504321], [-7.424490979584334, -10.64303628106912], [25.986844885663853, 20.5887881938038], [-36.03249438034467, -23.22460906922209], [-1.8488867983132877, -41.743876757100224], [-1.279757647688171, 42.55003218876349], [35.104305174466155, 22.710218848230745]], "ap_ids": [[27, 28, 33, 34, 35, 36, 41, 51, 52, 57, 58, 75, 76, 161, 162, 224, 320, 452, 31, 267, 32, 350, 336, 346, 379, 402, 272, 289, 294, 285, 376, 384, 383, 401, 404, 359, 48, 290, 341, 42, 410, 322, 345, 268, 47, 397, 280, 142, 271, 281, 337, 409, 154, 265, 143, 299, 323, 392], [7, 14, 23, 24, 29, 30, 39, 40, 41, 42, 47, 48, 53, 54, 81, 155, 156, 225, 253, 13, 80, 25, 26, 31, 154, 401, 323, 376, 380, 9, 270, 299, 328, 345, 46, 319, 45, 346, 20, 268, 289, 290, 300, 350, 356, 273, 264, 410, 272, 384, 404, 355, 280, 294, 434, 224, 409], [27, 28, 31, 34, 35, 36, 43, 51, 52, 57, 58, 161, 162, 33, 143, 151, 248, 294, 323, 452, 32, 404, 24, 155, 142, 150, 172, 173, 18, 268, 8, 17, 224, 75, 44, 76, 345, 350, 401, 156, 380, 192, 29, 30, 289], [7, 13, 23, 24, 29, 30, 39, 40, 45, 46, 53, 54, 155, 156, 225, 253, 42, 14, 184, 185, 41, 123, 166, 167, 80, 434, 35, 36, 124], [25, 27, 28, 32, 33, 34, 35, 36, 51, 52, 57, 58, 75, 76, 156, 161, 162, 173, 224, 452, 31, 294, 346, 350, 172, 289, 404, 272, 384, 45, 43, 401, 26, 44, 142, 155, 143, 402, 327, 380, 19, 268, 281, 337, 377, 42, 409, 345], [27, 28, 31, 32, 33, 34, 75, 76, 161, 162, 224, 336, 345, 383, 392, 404, 452, 51, 350, 294, 327, 47, 58, 401, 52, 323, 410, 322, 379, 402, 267, 290, 352, 289, 280, 43, 268, 325, 380, 270, 44, 359, 57, 382, 35, 384, 515, 346, 36, 326, 500, 355, 409, 42, 299, 356, 358, 41, 271, 272, 142, 143, 17, 337], [23, 39, 40, 41, 42, 47, 48, 80, 81, 154, 155, 156, 225, 253, 294, 376, 392, 24, 264, 319, 346, 350, 380, 323, 268, 336, 384, 410, 30, 355, 29, 272, 356, 404, 290, 299, 300, 397, 7, 382, 409, 46, 45, 280, 324, 270, 401, 345, 285, 341, 43, 328, 434, 302, 273, 385, 452], [7, 13, 14, 23, 24, 29, 30, 39, 40, 41, 46, 53, 54, 80, 81, 155, 156, 253, 42, 45, 154, 27, 224, 225, 47, 26, 25, 48, 9, 380, 294, 401, 404, 350, 28, 323, 327, 272, 35, 72, 384, 434, 161], [7, 13, 14, 23, 24, 25, 26, 30, 39, 40, 54, 80, 81, 155, 156, 161, 253, 323, 9, 29, 41, 42, 72, 327, 53, 71, 225, 19, 20, 350, 384, 45, 48, 376, 47, 434, 380], [27, 28, 32, 33, 34, 35, 36, 51, 52, 58, 75, 161, 162, 224, 294, 452, 57, 76, 31, 393, 47, 143, 346, 379, 392, 401, 336, 385, 25, 26, 350, 404, 289, 322, 142, 357, 345, 380, 268, 280, 384, 42, 48, 154, 272, 281, 337, 409, 41, 299, 323, 327, 44, 156, 172, 173, 43], [25, 26, 27, 28, 51, 71, 72, 155, 156, 161, 162, 268, 320, 336, 404, 452, 19, 20, 280, 289, 346, 350, 380, 33, 359, 410, 34, 52, 224, 323, 345, 294, 348, 411, 290, 322, 379, 377, 402, 50, 356, 49, 267, 376, 355, 392, 319, 309, 401, 385, 273, 302, 384, 9, 328, 36], [9, 13, 14, 25, 26, 40, 71, 72, 155, 156, 264, 290, 319, 355, 376, 19, 20, 225, 253, 289, 294, 350, 380, 401, 404, 24, 31, 161, 162, 272, 327, 345, 23, 39, 49, 323, 410, 50, 268, 336, 346, 224, 384, 409, 80, 300, 359, 402, 81, 302, 33, 299, 393, 324, 154, 34, 280, 292, 381, 434, 273, 411, 452], [23, 27, 28, 32, 33, 34, 35, 36, 51, 52, 57, 58, 161, 162, 172, 173, 268, 76, 452, 31, 75, 142, 224, 289, 294, 43, 156, 24, 350, 155, 30, 41, 26, 404, 248, 17, 154, 25, 42, 143, 380, 384, 401, 44, 40, 346, 402, 272], [7, 23, 24, 25, 39, 40, 41, 42, 54, 80, 81, 154, 155, 156, 225, 253, 268, 380, 48, 264, 323, 350, 409, 294, 319, 376, 384, 14, 299, 29, 30, 355, 272, 404, 53, 290, 359, 385, 47, 327, 43, 289, 452, 224, 346, 26, 13, 392, 345, 44, 401, 434, 336], [7, 14, 23, 24, 29, 30, 39, 40, 45, 46, 53, 54, 80, 155, 156, 225, 253, 20, 35, 41, 13, 26, 27, 28, 42, 9, 25, 51, 50, 124, 81, 404, 162, 36, 52, 169, 161, 434], [27, 28, 31, 32, 33, 34, 75, 76, 161, 162, 224, 452, 51, 52, 323, 345, 350, 268, 280, 58, 379, 290, 294, 376, 404, 393, 401, 402, 57, 380, 267, 322, 289, 346, 281, 337, 48, 271, 272, 325, 326, 327, 336, 383, 384, 35, 44, 409], [27, 28, 34, 35, 36, 51, 52, 57, 58, 143, 161, 162, 294, 29, 150, 33, 75, 155, 224, 248, 404, 76, 142, 30, 173, 452, 31, 151, 156, 172, 32, 380, 289, 17, 43, 44, 323]], "rssi": [[-75.17647058823529, -76.57894736842105, -57.717948717948715, -56.94871794871795, -76.85714285714286, -79.15789473684211, -86.33333333333333, -74.86842105263158, -76.07692307692308, -87.72727272727273, -87.11111111111111, -75.5, -74.375, -57.666666666666664, -57.794871794871796, -53.1025641025641, -95.0, -49.80555555555556, -85.77777777777777, -93.5, -85.0, -80.14285714285714, -87.5, -81.33333333333333, -90.6, -90.0, -86.5, -80.0, -81.0, -97.0, -98.0, -88.5, -80.7, -86.0, -76.52631578947368, -92.0, -85.5, -80.14285714285714, -96.5, -81.75, -95.0, -89.5, -73.71428571428571, -79.71428571428571, -84.75, -92.0, -90.0, -89.5, -81.78947368421052, -80.22222222222223, -82.0, -83.0, -79.0, -82.0, -87.0, -86.0, -86.0, -88.0], [-88.45945945945945, -73.71794871794872, -70.7948717948718, -71.1025641025641, -79.46428571428571, -78.54347826086956, -61.10112359550562, -61.26966292134831, -72.98765432098766, -72.75308641975309, -87.94736842105263, -89.11111111111111, -83.83870967741936, -85.18055555555556, -77.0, -55.97752808988764, -56.247191011235955, -68.9047619047619, -68.47435897435898, -73.98630136986301, -76.27710843373494, -79.96610169491525, -81.41666666666667, -98.0, -74.6470588235294, -85.83333333333333, -75.78947368421052, -94.0, -81.2, -79.84, -95.0, -91.66666666666667, -92.5, -94.5, -95.5, -93.33333333333333, -95.66666666666667, -93.0, -96.0, -71.95652173913044, -68.0909090909091, -90.0, -93.0, -85.75, -92.66666666666667, -97.0, -93.5, -95.0, -89.0, -93.0, -81.33333333333333, -94.0, -89.0, -65.0, -67.14, -85.0, -67.0], [-61.87931034482759, -62.224137931034484, -95.35714285714286, -80.07619047619048, -70.47297297297297, -70.92567567567568, -89.88888888888889, -89.43396226415095, -89.78260869565217, -82.12068965517241, -81.98275862068965, -78.24489795918367, -78.17006802721089, -78.55238095238096, -80.62962962962963, -87.27692307692308, -84.36263736263736, -89.11538461538461, -90.15384615384616, -85.66666666666667, -96.4, -89.0, -96.0, -89.625, -79.15853658536585, -88.13924050632912, -87.75, -86.6590909090909, -89.44444444444444, -89.26666666666667, -86.3913043478261, -89.66666666666667, -81.64516129032258, -90.0, -86.0, -88.0, -86.0, -88.45454545454545, -86.33333333333333, -87.18181818181819, -88.26315789473684, -92.0, -89.0, -88.83333333333333, -90.0], [-83.48979591836735, -89.21428571428571, -48.285714285714285, -48.285714285714285, -71.86868686868686, -71.82828282828282, -82.4776119402985, -82.25675675675676, -91.20689655172414, -90.15151515151516, -71.0, -70.72164948453609, -72.95959595959596, -73.42424242424242, -73.68367346938776, -73.19587628865979, -88.57142857142857, -89.83076923076923, -88.95238095238095, -88.0, -91.5, -90.0, -86.6, -87.36363636363636, -87.0, -87.77777777777777, -90.0, -88.63636363636364, -89.0], [-80.36842105263158, -60.25, -60.15, -83.08333333333333, -67.98571428571428, -67.88571428571429, -79.85964912280701, -79.13461538461539, -74.87142857142857, -74.97058823529412, -86.3529411764706, -84.57894736842105, -83.83870967741936, -81.5, -88.64285714285714, -54.15714285714286, -54.55714285714286, -85.21052631578948, -71.765625, -72.58461538461539, -80.6, -89.9, -89.8, -90.0, -86.92307692307692, -87.6, -89.5, -89.22222222222223, -87.94736842105263, -100.0, -88.0, -89.85, -83.4390243902439, -82.1, -89.88888888888889, -88.5, -86.0, -87.0, -84.55555555555556, -88.0, -88.2, -88.0, -88.0, -89.55555555555556, -87.0, -87.0, -85.0, -87.0], [-85.08163265306122, -83.92156862745098, -73.54237288135593, -73.32758620689656, -48.05882352941177, -48.04201680672269, -68.62393162393163, -68.86324786324786, -72.77310924369748, -72.96610169491525, -66.37931034482759, -84.0, -84.1, -94.125, -84.0, -79.24137931034483, -71.12871287128714, -87.31818181818181, -79.76923076923077, -78.625, -85.75, -92.5, -95.33333333333333, -87.15384615384616, -87.95, -84.46153846153847, -89.0, -91.85714285714286, -92.33333333333333, -86.11538461538461, -94.55555555555556, -80.0, -96.5, -82.75510204081633, -79.0, -81.93333333333334, -80.58333333333333, -83.58823529411765, -83.52941176470588, -85.44736842105263, -78.84210526315789, -92.0, -96.33333333333333, -84.3225806451613, -81.94736842105263, -84.8936170212766, -95.0, -78.72413793103448, -79.19047619047619, -79.41666666666667, -96.0, -84.16666666666667, -84.0, -87.05882352941177, -84.82352941176471, -88.0, -84.0, -81.0, -85.3076923076923, -84.5925925925926, -89.4, -87.66666666666667, -89.0, -85.0], [-90.53333333333333, -50.94117647058823, -50.95762711864407, -76.71428571428571, -77.93548387096774, -86.171875, -85.22222222222223, -75.37068965517241, -75.29661016949153, -80.16666666666667, -78.25210084033614, -77.97435897435898, -86.04301075268818, -85.1875, -89.23809523809524, -93.46666666666667, -89.61538461538461, -89.62962962962963, -93.93333333333334, -92.92857142857143, -91.33333333333333, -85.925, -87.53703703703704, -87.01851851851852, -85.35185185185185, -89.61111111111111, -93.0, -91.76470588235294, -90.5, -92.33333333333333, -94.5, -94.66666666666667, -94.25, -86.85714285714286, -90.5, -94.25, -89.625, -95.5, -96.66666666666667, -89.88888888888889, -89.0, -95.66666666666667, -94.0, -96.0, -95.0, -92.0, -91.33333333333333, -87.54545454545455, -98.0, -95.0, -92.0, -90.0, -82.38888888888889, -89.0, -88.0, -88.0, -86.0], [-80.05454545454545, -70.87128712871286, -70.85148514851485, -62.283018867924525, -62.30357142857143, -78.96923076923076, -78.66233766233766, -70.0952380952381, -70.05660377358491, -75.40425531914893, -93.1, -81.00990099009901, -81.02, -80.67708333333333, -80.87628865979381, -51.575471698113205, -51.33018867924528, -57.87128712871287, -74.91011235955057, -94.5, -79.71875, -94.0, -93.0, -57.48421052631579, -86.21875, -82.96153846153847, -81.73913043478261, -87.13793103448276, -89.75, -89.125, -94.0, -87.83333333333333, -92.0, -93.0, -96.0, -92.5, -96.0, -97.0, -95.0, -97.0, -97.0, -71.35416666666667, -90.0], [-89.3, -71.75, -70.95, -73.4, -73.8, -66.15, -66.15, -88.0, -67.7, -67.35, -86.5625, -82.6, -80.46666666666667, -56.6, -56.35, -89.0, -69.77777777777777, -92.0, -83.5, -87.0, -83.4, -85.54545454545455, -89.88888888888889, -95.0, -86.2, -87.66666666666667, -69.47058823529412, -90.0, -93.0, -92.0, -94.0, -96.0, -92.2, -100.0, -87.25, -68.6, -88.0], [-68.85185185185185, -69.18518518518519, -87.9, -63.01470588235294, -62.88235294117647, -76.84615384615384, -76.8974358974359, -70.69117647058823, -70.63235294117646, -86.65384615384616, -81.02777777777777, -51.25, -51.39705882352941, -66.08955223880596, -84.71428571428571, -64.421875, -86.54166666666667, -81.80851063829788, -87.5, -91.0, -93.0, -85.57692307692308, -94.4, -94.0, -88.0, -90.14285714285714, -89.0, -98.0, -88.17647058823529, -87.6, -85.2, -83.5, -86.2, -97.0, -83.45454545454545, -94.0, -89.0, -89.5, -95.0, -84.5, -84.6086956521739, -85.25, -86.86666666666666, -83.33333333333333, -83.21428571428571, -84.55555555555556, -82.58333333333333, -85.75, -85.33333333333333, -86.5, -86.0, -89.0, -87.0, -79.0, -88.0, -71.0, -86.0], [-72.86, -72.74, -88.28571428571429, -87.53846153846153, -79.23809523809524, -83.65, -83.25, -86.21428571428571, -88.0, -71.28, -71.3, -85.43478260869566, -95.5, -89.27272727272727, -86.125, -84.77142857142857, -81.51282051282051, -81.17241379310344, -88.92857142857143, -96.0, -84.93333333333334, -89.35714285714286, -86.0, -81.3157894736842, -87.21428571428571, -89.27272727272727, -80.8, -79.15, -84.44444444444444, -84.63157894736842, -88.15384615384616, -86.22222222222223, -95.5, -88.0, -85.5, -96.0, -94.33333333333333, -96.0, -82.625, -91.0, -89.28571428571429, -91.5, -93.5, -92.0, -97.0, -89.66666666666667, -92.0, -96.0, -75.4, -94.0, -88.625, -86.0, -89.0, -88.0, -88.0, -85.0], [-74.1, -83.1025641025641, -83.42307692307692, -58.26315789473684, -58.26315789473684, -82.34782608695652, -79.44, -79.14814814814815, -76.0377358490566, -76.21428571428571, -88.07142857142857, -90.33333333333333, -89.95652173913044, -89.0, -87.76923076923077, -79.4888888888889, -79.29268292682927, -83.83783783783784, -83.95348837209302, -84.25, -79.88, -81.91666666666667, -83.73076923076923, -87.5, -80.34782608695652, -89.58333333333333, -94.0, -88.8, -87.28571428571429, -89.5, -89.0, -80.73333333333333, -88.42857142857143, -82.66666666666667, -92.0, -80.7, -95.0, -89.16666666666667, -81.65, -87.07692307692308, -81.52941176470588, -94.33333333333333, -87.0, -85.21428571428571, -91.0, -94.5, -83.88888888888889, -81.94736842105263, -89.0, -94.0, -95.0, -89.5, -86.5, -95.0, -95.0, -89.0, -86.0, -85.0, -87.0, -84.95, -87.0, -84.0, -87.0], [-93.0, -56.6551724137931, -56.22222222222222, -86.33333333333333, -72.11688311688312, -72.45569620253164, -75.20779220779221, -76.09210526315789, -77.40259740259741, -77.38157894736842, -79.57142857142857, -80.41379310344827, -58.78481012658228, -58.81012658227848, -86.72972972972973, -84.04, -95.0, -78.05660377358491, -77.2, -88.91666666666667, -79.05454545454545, -87.8695652173913, -77.65573770491804, -95.0, -93.4, -93.33333333333333, -82.3, -96.0, -89.4, -92.2, -96.5, -91.4, -90.2, -90.66666666666667, -88.59375, -97.0, -88.28571428571429, -89.0, -83.0, -82.95, -88.0, -89.4, -90.0, -86.63636363636364, -90.0, -89.0, -87.0, -85.0], [-93.6, -78.0, -77.63157894736842, -87.33333333333333, -49.49484536082474, -49.41237113402062, -69.9375, -69.75, -87.25806451612904, -63.38775510204081, -63.3469387755102, -67.21111111111111, -64.10204081632654, -63.68041237113402, -74.35714285714286, -73.74117647058823, -73.84, -74.85714285714286, -85.88888888888889, -89.55555555555556, -75.3076923076923, -76.66666666666667, -86.66666666666667, -74.70370370370371, -88.5, -90.0, -91.25, -77.33333333333333, -90.75, -85.5, -82.95652173913044, -88.16666666666667, -94.0, -77.13888888888889, -86.5, -87.0, -94.5, -93.0, -84.72093023255815, -91.66666666666667, -92.0, -88.0, -90.5, -92.0, -91.0, -94.0, -67.66666666666667, -85.5, -88.33333333333333, -95.0, -88.0, -75.14285714285714, -85.0], [-76.825, -84.77551020408163, -54.95, -54.69230769230769, -70.59493670886076, -70.65384615384616, -79.421875, -78.90625, -89.77777777777777, -90.33333333333333, -69.325, -69.66666666666667, -84.96428571428571, -65.2875, -65.18987341772151, -64.27848101265823, -63.9625, -97.0, -89.0, -83.69444444444444, -82.69565217391305, -93.66666666666667, -93.5, -93.0, -82.15151515151516, -96.0, -90.33333333333333, -95.66666666666667, -96.0, -91.0, -84.45833333333333, -95.0, -97.0, -88.54545454545455, -92.0, -96.33333333333333, -96.0, -83.15], [-76.5, -77.61111111111111, -74.88888888888889, -75.16666666666667, -46.054054054054056, -46.32432432432432, -65.05405405405405, -65.45945945945945, -66.51351351351352, -66.48648648648648, -54.67567567567568, -57.361111111111114, -82.8, -81.21052631578948, -89.5, -77.81818181818181, -82.16666666666667, -87.0, -89.0, -90.0, -86.66666666666667, -76.5, -80.8, -95.0, -76.46153846153847, -82.5, -70.72727272727273, -86.0, -91.0, -89.0, -87.0, -87.0, -77.83333333333333, -85.0, -82.0, -83.0, -84.2, -81.29411764705883, -83.36363636363636, -81.6923076923077, -84.13333333333334, -77.7, -81.0, -79.33333333333333, -82.0, -84.0, -78.0, -82.0], [-54.142857142857146, -53.92857142857143, -76.88333333333334, -67.61538461538461, -68.26923076923077, -86.83098591549296, -86.85, -69.21428571428571, -69.07142857142857, -77.07317073170732, -68.97435897435898, -69.2948717948718, -92.66666666666667, -90.85714285714286, -90.91666666666667, -76.0952380952381, -90.8, -89.85, -79.6875, -90.11428571428571, -92.33333333333333, -92.33333333333333, -79.96774193548387, -89.0, -84.14814814814815, -82.27906976744185, -94.5, -92.2, -86.04761904761905, -84.1, -92.0, -97.0, -90.375, -86.0, -89.0, -89.0, -88.0]], "edges": [[12, 16, 9.361012239038537], [10, 12, 24.185927723666563], [13, 11, 31.252421224626843], [13, 1, 12.835809215761806], [9, 16, 31.23657884756232], [0, 5, 18.420388041172586], [8, 14, 23.55784973595565], [3, 1, 40.608507281492265], [1, 13, 12.835809215761806], [10, 11, 23.71471300460812], [4, 0, 23.981895028078654], [11, 8, 11.146917578149449], [1, 7, 19.709590537929095], [7, 3, 24.00756615153547], [13, 7, 30.29894353715198], [12, 2, 19.686940093044907], [11, 1, 18.73463454498348], [6, 1, 25.214208492253505], [6, 7, 41.33513784680589], [8, 3, 34.739178348866965], [12, 10, 24.185927723666563], [10, 16, 33.37741254676926], [10, 2, 43.71581791947852], [1, 6, 25.214208492253505], [8, 11, 11.146917578149449], [9, 0, 8.661830989103954], [13, 6, 12.405697130766606], [14, 1, 30.635490371446302], [4, 16, 17.48918307130175], [15, 10, 33.00990675842267], [1, 14, 30.635490371446302], [8, 13, 23.835469772293333], [16, 2, 10.352055507005604], [4, 12, 8.13412187787422], [8, 7, 11.01370886647863], [15, 4, 31.060893675040727], [10, 15, 33.00990675842267], [7, 13, 30.29894353715198], [4, 5, 40.705182629892576], [15, 0, 7.889660778514701], [1, 8, 11.247138935581454], [3, 11, 43.073627010343074], [11, 10, 23.71471300460812], [11, 3, 43.073627010343074], [11, 7, 19.367289939454867], [8, 1, 11.247138935581454], [13, 8, 23.835469772293333], [7, 6, 41.33513784680589], [7, 8, 11.01370886647863], [7, 14, 12.641682028093037], [2, 16, 10.352055507005604], [12, 4, 8.13412187787422], [9, 12, 22.73671499058568], [5, 4, 40.705182629892576], [4, 2, 27.82105206423482], [9, 5, 27.011980539763243], [5, 0, 18.420388041172586], [12, 9, 22.73671499058568], [14, 3, 11.47715082065398], [10, 0, 25.18414677425175], [15, 9, 16.52790424368293], [9, 10, 16.936809750638496], [7, 1, 19.709590537929095], [0, 4, 23.981895028078654], [6, 11, 43.63055758374158], [11, 6, 43.63055758374158], [16, 12, 9.361012239038537], [4, 10, 16.231706553831934], [14, 7, 12.641682028093037], [6, 8, 36.030720286410414], [9, 4, 16.44801968804773], [3, 7, 24.00756615153547], [16, 9, 31.23657884756232], [16, 10, 33.37741254676926], [2, 12, 19.686940093044907], [10, 4, 16.231706553831934], [0, 15, 7.889660778514701], [10, 9, 16.936809750638496], [11, 14, 31.596671348446527], [3, 14, 11.47715082065398], [5, 9, 27.011980539763243], [5, 15, 10.54632424639907], [4, 15, 31.060893675040727], [2, 9, 40.745436662347416], [4, 9, 16.44801968804773], [10, 5, 43.553095137894005], [9, 15, 16.52790424368293], [7, 11, 19.367289939454867], [14, 11, 31.596671348446527], [8, 6, 36.030720286410414], [0, 10, 25.18414677425175], [5, 10, 43.553095137894005], [9, 2, 40.745436662347416], [16, 4, 17.48918307130175], [1, 3, 40.608507281492265], [15, 5, 10.54632424639907], [0, 9, 8.661830989103954], [1, 11, 18.73463454498348], [2, 10, 43.71581791947852], [14, 8, 23.55784973595565], [11, 13, 31.252421224626843], [6, 13, 12.405697130766606], [2, 4, 27.82105206423482], [3, 8, 34.739178348866965]]}