{"rp_ids": ["rp_0", "rp_1", "rp_2", "rp_3", "rp_4", "rp_5", "rp_6", "rp_7", "rp_8", "rp_9", "rp_10", "rp_11", "rp_12", "rp_13", "rp_14", "rp_15", "rp_16"], "coords": [[43.67574614127953, -7.8634353260917775], [-40.53521116349384, -37.5273378547281], [-10.231594495706608, 21.873837146908045], [12.035588835445196, 7.242687147110701], [41.38518224509274, -28.361942563205957], [-30.40413616310343, 15.28336214646697], [-51.50484449687883, -25.523712852348883], [30.28958883753365, -1.4830359320801039], [-19.972927829482007, 26.473653812116634], [43.26328883700535, -17.453887853538617], [-1.5512400611236847, 16.340895554671686], [-27.097744494907904, -44.28572952002287], [-47.442486163149624, -33.695162852993235], [5.405661676721554, 13.170153813919535], [-56.21827782962009, -34.96021285528938], [-33.76521116300955, -41.28311285562813], [20.244160265740902, 3.9899442893053805]], "ap_ids": [[87, 117, 118, 127, 128, 138, 139, 144, 145, 248, 332, 481, 483, 501, 511, 516, 63, 64, 98, 99, 279, 335, 391, 479, 84, 85, 249, 495, 502, 61, 65, 69, 70, 83, 496, 233, 59, 60, 389, 418, 11, 12, 66, 82, 68, 277, 517], [63, 64, 78, 82, 83, 84, 85, 87, 145, 186, 187, 249, 286, 342, 398, 484, 502, 65, 66, 74, 77, 332, 69, 70, 144, 495, 501, 516, 439, 164, 315, 371, 61, 59, 391, 165], [11, 12, 63, 87, 122, 131, 132, 138, 139, 144, 145, 249, 305, 362, 481, 121, 128, 478, 496, 502, 64, 65, 73, 74, 83, 84, 85, 501, 517, 113, 486, 69, 70, 484, 248, 203, 114, 62, 77, 78, 413], [11, 12, 60, 61, 64, 70, 87, 138, 139, 144, 145, 248, 249, 481, 496, 502, 517, 62, 63, 65, 66, 69, 73, 78, 84, 85, 67, 68, 82, 117, 118, 127, 128, 277, 279, 332, 335, 389, 391, 479, 511], [11, 12, 59, 60, 61, 63, 64, 65, 67, 68, 69, 70, 74, 77, 78, 82, 84, 85, 87, 122, 127, 128, 131, 132, 138, 139, 144, 145, 279, 335, 391, 428, 456, 481, 496, 502, 511, 517, 83, 248, 427, 435, 436, 484, 5, 218, 455, 479, 480, 504, 249, 501, 503, 516], [11, 12, 73, 84, 85, 87, 132, 138, 144, 145, 286, 342, 398, 67, 68, 69, 131, 61, 62, 63, 64, 65, 66, 74, 78, 177, 180, 181, 496, 502, 517, 59, 60, 70, 82, 83, 117, 127, 248, 332, 389, 516, 114, 282, 503, 139, 249, 413, 481, 77, 305, 362], [64, 77, 78, 82, 83, 84, 85, 87, 111, 144, 145, 165, 186, 187, 248, 284, 286, 342, 369, 398, 63, 164, 282, 315, 332, 338, 372, 389, 260, 261, 394, 501, 502, 503, 329, 277, 318, 174, 175, 371, 386, 516, 396], [61, 62, 63, 66, 87, 117, 118, 127, 128, 138, 139, 144, 145, 248, 249, 332, 481, 483, 489, 495, 502, 511, 517, 98, 496, 501, 516, 64, 67, 68, 82, 389, 479, 65, 85, 11, 12, 69, 70, 74, 83, 84, 236, 277, 97, 78, 96, 233, 237, 60, 279, 335, 391], [11, 12, 84, 85, 87, 114, 131, 132, 138, 139, 144, 145, 286, 342, 398, 478, 113, 249, 248, 481, 517, 63, 64, 121, 122, 73, 69, 77, 83, 117, 118, 127, 128, 479, 483, 495, 501, 502, 511, 503, 78, 305, 362, 413, 496], [63, 64, 87, 117, 118, 127, 128, 138, 139, 145, 236, 248, 279, 332, 335, 391, 479, 481, 483, 511, 66, 70, 84, 456, 59, 60, 389, 418, 85, 237, 235, 98, 99, 144, 277, 68, 69, 82, 496, 502, 517], [11, 12, 85, 87, 138, 139, 144, 145, 248, 249, 481, 496, 502, 517, 63, 84, 132, 61, 62, 64, 65, 66, 69, 70, 82, 83, 389, 484, 486, 73, 74, 77, 78, 131, 277, 332, 122, 305, 362, 117, 118, 127, 128, 279, 335, 391, 479, 511, 67, 68, 413], [63, 64, 65, 66, 82, 83, 84, 85, 87, 131, 132, 144, 145, 286, 501, 502, 511, 517, 484, 496, 11, 117, 138, 342, 398, 439, 489, 495, 118, 12, 249, 516, 332], [63, 64, 65, 66, 78, 82, 83, 84, 85, 87, 97, 144, 249, 286, 342, 398, 484, 502, 77, 186, 187, 332, 496, 145, 164, 315, 371, 60, 165, 188, 189, 394, 396, 424, 517, 59, 70], [11, 12, 87, 127, 128, 138, 139, 144, 145, 248, 249, 481, 496, 502, 517, 84, 59, 60, 63, 64, 67, 68, 69, 82, 83, 85, 62, 66, 73, 78, 61, 65, 70, 77, 74, 117, 118, 277, 279, 332, 335, 389, 391, 479, 511, 305, 362, 413], [62, 63, 64, 77, 78, 82, 83, 84, 85, 87, 144, 145, 164, 186, 187, 189, 249, 274, 286, 315, 342, 398, 476, 165, 248, 386, 502, 188, 284, 394, 396, 424, 261, 282, 329, 369, 501, 439, 220, 466, 316, 372, 517, 332, 371], [11, 12, 63, 64, 65, 66, 82, 83, 84, 85, 87, 144, 145, 286, 342, 398, 496, 502, 517, 73, 74, 484, 501, 61, 62, 77, 96, 97, 249, 335, 439, 117, 186, 187, 332, 78, 495, 131, 391, 516], [63, 64, 65, 66, 87, 118, 127, 138, 139, 144, 145, 248, 481, 483, 496, 502, 511, 517, 11, 12, 68, 69, 70, 74, 84, 85, 128, 249, 389, 479, 489, 495, 501, 516, 73, 60, 61, 62, 77, 78, 59, 484, 82, 117, 277, 279, 332, 335, 391]], "rssi": [[-64.06741573033707, -81.14606741573034, -77.30337078651685, -65.97752808988764, -69.43820224719101, -56.359550561797754, -51.95505617977528, -58.82, -58.14, -87.10714285714286, -85.54, -61.07865168539326, -81.55263157894737, -87.18181818181819, -67.64044943820225, -85.10526315789474, -69.44285714285714, -63.98571428571429, -90.3, -88.11111111111111, -72.23636363636363, -76.32203389830508, -74.04615384615384, -78.0952380952381, -83.78947368421052, -77.77777777777777, -85.4, -86.78947368421052, -75.8936170212766, -93.77777777777777, -92.36363636363636, -80.77358490566037, -76.49090909090908, -90.0, -85.05172413793103, -89.0, -91.0, -76.58695652173913, -81.2, -94.0, -87.0, -88.0, -89.0, -89.82978723404256, -90.0, -75.0, -73.0], [-81.075, -80.5, -94.38888888888889, -79.55, -79.075, -56.45, -55.65, -90.56756756756756, -94.95652173913044, -94.10526315789474, -93.85, -100.18181818181819, -81.4, -81.6, -81.55, -94.71428571428571, -91.95238095238095, -97.5, -98.05882352941177, -99.0, -94.54545454545455, -96.66666666666667, -97.0, -97.0, -94.77777777777777, -96.57142857142857, -94.0, -94.11111111111111, -97.88888888888889, -97.0, -97.0, -99.0, -99.0, -100.0, -94.0, -96.0], [-69.48333333333333, -68.925, -90.16129032258064, -71.45833333333333, -90.27272727272727, -80.82456140350877, -81.61666666666666, -73.55833333333334, -73.04166666666667, -60.375, -56.541666666666664, -67.009009009009, -84.17391304347827, -90.16666666666667, -83.98333333333333, -91.0952380952381, -94.0, -89.75, -78.80459770114942, -89.11538461538461, -88.6086956521739, -90.25, -89.91666666666667, -90.0, -91.15384615384616, -85.0, -44.0, -93.0, -75.51470588235294, -88.45454545454545, -91.0, -87.4, -86.8, -88.11111111111111, -80.0, -93.0, -89.0, -94.0, -90.0, -82.0, -82.0], [-88.11111111111111, -88.66666666666667, -78.15384615384616, -91.0, -78.6, -79.82352941176471, -66.55, -69.8, -64.5, -71.0, -68.8, -81.0, -74.0, -73.8, -73.5, -70.75, -75.55, -92.0, -75.63636363636364, -92.0, -90.0, -84.21052631578948, -91.0, -92.0, -85.11111111111111, -81.11111111111111, -93.0, -90.0, -90.0, -79.0, -80.0, -70.0, -80.0, -75.0, -74.0, -84.0, -74.0, -80.0, -75.0, -73.0, -72.0], [-85.4, -84.6, -88.0, -89.10526315789474, -91.0, -87.63157894736842, -80.4375, -84.0, -89.0, -88.5, -80.44444444444444, -84.3, -86.6, -87.66666666666667, -88.7, -88.5, -86.53846153846153, -87.5925925925926, -64.89655172413794, -90.0, -85.72222222222223, -85.77777777777777, -84.75, -81.0, -84.2, -71.16666666666667, -89.11111111111111, -88.38461538461539, -87.55555555555556, -89.11111111111111, -89.125, -90.77272727272727, -83.92857142857143, -91.3125, -82.33333333333333, -76.11111111111111, -83.71428571428571, -77.27777777777777, -89.31818181818181, -83.78571428571429, -92.0, -89.84210526315789, -89.5, -89.0, -92.0, -91.0, -88.5, -91.75, -92.5, -90.0, -67.0, -93.0, -92.0, -92.0], [-76.4, -77.275, -84.10526315789474, -77.75862068965517, -82.62068965517241, -78.47435897435898, -84.5, -74.26666666666667, -62.8, -60.4125, -84.16666666666667, -85.80952380952381, -83.57894736842105, -90.625, -89.30434782608695, -89.92307692307692, -83.22222222222223, -89.0, -90.16666666666667, -86.95, -87.77777777777777, -89.4, -89.25, -88.11111111111111, -84.55, -91.7, -88.23076923076923, -90.0, -77.52631578947368, -87.0, -75.13207547169812, -92.0, -91.0, -88.9090909090909, -91.0, -91.11111111111111, -94.0, -93.0, -87.63636363636364, -88.28571428571429, -87.5, -92.0, -86.0, -83.0, -92.0, -70.58536585365853, -62.073170731707314, -82.29268292682927, -81.92682926829268, -90.0, -83.0, -90.0], [-93.67857142857143, -90.22222222222223, -92.16, -72.3, -72.03333333333333, -52.833333333333336, -51.96666666666667, -92.26666666666667, -96.22222222222223, -87.18518518518519, -84.06666666666666, -93.76, -90.83333333333333, -89.24, -91.65384615384616, -97.33333333333333, -73.3, -73.26666666666667, -95.73684210526316, -73.26666666666667, -93.75, -93.70833333333333, -98.35, -96.0, -97.66666666666667, -93.66666666666667, -93.0, -96.0, -95.9090909090909, -95.5, -97.13333333333334, -99.0, -90.76923076923077, -102.0, -97.0, -96.0, -95.0, -96.5, -100.0, -90.0, -97.0, -99.0, -96.8], [-83.11111111111111, -92.0, -78.87619047619047, -89.77777777777777, -65.03076923076924, -80.9622641509434, -82.39603960396039, -72.54263565891473, -77.8267716535433, -62.707692307692305, -58.44615384615385, -75.25, -76.91666666666667, -81.70967741935483, -81.76470588235294, -85.41176470588235, -65.45384615384616, -78.78, -92.5, -84.36, -77.5607476635514, -73.72868217054264, -78.17117117117117, -92.0, -85.2439024390244, -71.0952380952381, -46.629629629629626, -77.28571428571429, -89.5, -90.05128205128206, -89.70370370370371, -80.90243902439025, -74.6923076923077, -66.82142857142857, -77.07865168539325, -88.75, -85.33333333333333, -80.74698795180723, -73.22368421052632, -89.0, -91.0, -82.77011494252874, -91.0, -76.12820512820512, -92.0, -88.0, -91.0, -91.0, -92.0, -74.0, -74.0, -74.0, -75.0], [-65.58333333333333, -66.2, -65.38235294117646, -83.6, -77.4622641509434, -87.52941176470588, -79.0, -81.88333333333334, -76.93333333333334, -76.18333333333334, -59.958333333333336, -57.00833333333333, -86.33333333333333, -87.0, -81.65789473684211, -87.48717948717949, -88.02941176470588, -71.03, -75.875, -84.44318181818181, -75.46153846153847, -92.0, -88.57142857142857, -89.0, -89.0, -90.0, -93.0, -89.88235294117646, -91.11764705882354, -82.0, -16.0, -64.0, -64.0, -86.0, -84.0, -86.0, -86.0, -91.22222222222223, -65.0, -92.0, -82.0, -83.0, -90.0, -82.0, -74.0], [-74.2375, -74.3, -71.05405405405405, -83.0, -78.82278481012658, -69.8375, -73.8625, -60.6625, -55.6875, -91.27777777777777, -92.0, -87.18181818181819, -73.8125, -86.2, -71.3875, -71.8625, -77.3375, -73.3125, -87.73333333333333, -70.0, -90.23076923076923, -77.18181818181819, -84.15094339622641, -83.47058823529412, -89.66666666666667, -77.5, -80.42857142857143, -94.0, -78.01886792452831, -91.0, -84.0, -91.0, -87.0, -71.0, -77.16666666666667, -90.0, -79.0, -90.0, -83.0, -73.0, -73.0], [-72.97777777777777, -77.4, -77.08333333333333, -68.4888888888889, -75.58888888888889, -75.22222222222223, -66.74444444444444, -62.71111111111111, -79.38461538461539, -62.233333333333334, -83.49438202247191, -78.63157894736842, -79.46666666666667, -76.36986301369863, -90.97297297297297, -84.39024390243902, -90.54545454545455, -91.2, -91.23333333333333, -88.61538461538461, -92.63333333333334, -92.2, -89.17857142857143, -87.23333333333333, -88.75862068965517, -89.07142857142857, -89.29411764705883, -82.03703703703704, -91.0, -88.0, -89.9, -89.6, -82.59574468085107, -90.86666666666666, -89.5, -88.0, -90.0, -84.34042553191489, -90.02439024390245, -82.0, -16.0, -59.0, -59.0, -82.0, -79.0, -79.0, -85.0, -81.0, -88.0, -87.0, -82.0], [-70.0, -70.16666666666667, -96.0, -94.875, -89.2, -90.25, -67.16666666666667, -65.83333333333333, -90.08333333333333, -97.0, -96.5, -90.0909090909091, -91.0, -94.11111111111111, -96.57142857142857, -93.0, -99.0, -90.9, -96.0, -90.5, -99.4, -100.0, -101.0, -90.0, -93.14285714285714, -92.0, -96.0, -94.0, -97.0, -96.42857142857143, -96.0, -95.66666666666667, -97.0], [-82.825, -81.975, -96.57142857142857, -95.72727272727273, -91.88888888888889, -73.35, -73.075, -48.1, -47.875, -88.89473684210526, -97.33333333333333, -93.5, -96.3913043478261, -75.975, -76.25, -75.775, -99.0, -91.63636363636364, -90.625, -93.90625, -91.82142857142857, -97.5, -89.1, -91.44444444444444, -95.4, -97.0, -97.0, -97.0, -93.85714285714286, -93.0, -88.0, -97.0, -93.0, -95.0, -90.8, -100.0, -96.0], [-79.47826086956522, -80.6086956521739, -66.5925925925926, -83.1, -86.03125, -74.12345679012346, -72.82716049382717, -70.98591549295774, -68.02816901408451, -83.36363636363636, -62.53521126760563, -79.71604938271605, -78.40298507462687, -78.33333333333333, -73.7605633802817, -84.74285714285715, -89.0, -82.84615384615384, -83.54166666666667, -82.56, -92.0, -90.42857142857143, -85.0, -90.76470588235294, -91.3529411764706, -82.1875, -92.5, -89.36363636363636, -91.47368421052632, -82.9090909090909, -91.5, -90.5, -79.15789473684211, -90.23076923076923, -90.0, -79.0, -80.0, -75.0, -74.0, -84.0, -74.0, -80.0, -75.0, -73.0, -72.0, -83.0, -90.0, -82.0], [-97.0909090909091, -90.3, -90.26666666666667, -94.33333333333333, -93.47058823529412, -76.0, -75.86666666666666, -60.2, -59.06666666666667, -88.63333333333334, -84.03333333333333, -84.96666666666667, -91.0, -88.2, -87.28, -93.0, -96.66666666666667, -96.0, -62.266666666666666, -94.57142857142857, -62.8, -62.666666666666664, -95.875, -91.15, -97.8, -94.8, -93.625, -93.0, -95.5, -97.875, -93.0, -95.25, -97.0, -93.0, -95.11111111111111, -98.2, -99.0, -93.0, -97.6, -98.71428571428571, -92.0, -95.0, -96.0, -100.0, -96.0], [-98.42105263157895, -98.66666666666667, -74.7, -74.275, -97.15, -97.08, -82.775, -83.575, -61.175, -60.675, -90.61111111111111, -89.3225806451613, -90.3, -88.275, -89.45, -88.875, -90.71428571428571, -90.1, -90.58333333333333, -99.85714285714286, -98.9, -95.88888888888889, -95.33333333333333, -97.625, -98.8, -97.0, -99.0, -99.0, -99.0, -97.0, -92.72727272727273, -99.2, -95.0, -95.0, -99.0, -97.6, -95.5, -99.0, -95.0, -95.0], [-78.83870967741936, -74.84126984126983, -83.55555555555556, -86.58823529411765, -65.07142857142857, -81.4888888888889, -74.6, -64.42857142857143, -62.6, -74.4, -65.66666666666667, -79.08333333333333, -66.54285714285714, -85.94117647058823, -81.55714285714286, -76.0, -77.13333333333334, -71.45714285714286, -87.75, -83.375, -90.1304347826087, -79.76744186046511, -74.3695652173913, -89.8, -82.83050847457628, -77.52631578947368, -82.38888888888889, -74.14285714285714, -81.5, -75.53191489361703, -88.4, -83.71428571428571, -82.66666666666667, -79.8, -92.0, -74.4390243902439, -87.3, -89.5, -89.0, -88.0, -93.0, -84.0, -90.0, -79.0, -75.0, -74.0, -84.0, -74.0, -75.0]], "edges": [[6, 1, 16.26099224114736], [10, 8, 21.02454209105876], [3, 5, 43.19470699515979], [8, 3, 37.341333907072624], [7, 4, 29.078992670838], [11, 14, 30.577290965065984], [2, 3, 26.643911195988], [16, 13, 17.44870445884581], [1, 6, 16.26099224114736], [2, 10, 10.29378432711131], [3, 16, 8.829551575548466], [1, 15, 7.742011745272857], [8, 13, 28.654073314738618], [11, 12, 22.9361857307681], [6, 15, 23.728743735888845], [2, 8, 10.772738206846688], [3, 10, 16.35173739062772], [12, 6, 9.125532880037731], [7, 3, 20.232319672518233], [7, 0, 14.828981886418696], [5, 6, 45.93971334418664], [13, 16, 17.44870445884581], [6, 5, 45.93971334418664], [16, 9, 31.45978730301387], [5, 8, 15.298128475788186], [0, 3, 35.06129618986348], [14, 1, 15.89178123486803], [5, 3, 43.19470699515979], [9, 3, 39.813189575191494], [10, 13, 7.645396325670899], [7, 13, 28.877773471596992], [4, 16, 38.64695839583153], [1, 14, 15.89178123486803], [3, 0, 35.06129618986348], [4, 9, 11.0685564514837], [13, 8, 28.654073314738618], [16, 10, 25.051656084333874], [0, 4, 20.626087411638125], [16, 3, 8.829551575548466], [0, 16, 26.25912841183908], [16, 0, 26.25912841183908], [13, 2, 17.896309232997865], [14, 11, 30.577290965065984], [15, 11, 7.31237434788096], [14, 6, 10.548174538169736], [12, 14, 8.866502742434696], [13, 5, 35.87209599097719], [0, 9, 9.59931772101854], [9, 4, 11.0685564514837], [1, 11, 15.04132202869428], [15, 6, 23.728743735888845], [4, 0, 20.626087411638125], [0, 7, 14.828981886418696], [11, 15, 7.31237434788096], [8, 10, 21.02454209105876], [4, 3, 46.142044711091756], [10, 3, 16.35173739062772], [9, 16, 31.45978730301387], [6, 14, 10.548174538169736], [3, 13, 8.893300580555636], [3, 8, 37.341333907072624], [6, 12, 9.125532880037731], [16, 7, 11.439586867307174], [9, 7, 20.57632141014149], [10, 2, 10.29378432711131], [12, 1, 7.899114707661323], [11, 6, 30.785058063032555], [10, 5, 28.87227026718036], [11, 1, 15.04132202869428], [14, 15, 23.326364207684428], [13, 3, 8.893300580555636], [7, 9, 20.57632141014149], [5, 10, 28.87227026718036], [2, 13, 17.896309232997865], [7, 16, 11.439586867307174], [4, 7, 29.078992670838], [13, 7, 28.877773471596992], [10, 16, 25.051656084333874], [3, 7, 20.232319672518233], [2, 5, 21.22182362697183], [12, 15, 15.641126451504173], [8, 2, 10.772738206846688], [5, 2, 21.22182362697183], [5, 13, 35.87209599097719], [1, 12, 7.899114707661323], [3, 2, 26.643911195988], [6, 11, 30.785058063032555], [14, 12, 8.866502742434696], [15, 1, 7.742011745272857], [15, 12, 15.641126451504173], [16, 4, 38.64695839583153], [13, 10, 7.645396325670899], [3, 4, 46.142044711091756], [12, 11, 22.9361857307681], [15, 14, 23.326364207684428], [8, 5, 15.298128475788186], [3, 9, 39.813189575191494], [9, 0, 9.59931772101854]]}