{"rp_ids": ["rp_0", "rp_1", "rp_2", "rp_3", "rp_4", "rp_5", "rp_6", "rp_7", "rp_8", "rp_9", "rp_10", "rp_11", "rp_12", "rp_13", "rp_14", "rp_15", "rp_16", "rp_17", "rp_18", "rp_19", "rp_20", "rp_21", "rp_22", "rp_23"], "coords": [[-30.120763857560533, 30.063395504395547], [-2.6143362202103693, -41.98204757212504], [32.28270975289498, 14.686716094499035], [-31.345263610706752, -25.4392519492656], [26.655704845975478, -40.69505397540828], [-3.5493317403878377, 35.16670976530219], [-47.252763263993984, -2.250975001603365], [44.17738128677391, -11.411095969727358], [-16.255527971576793, 49.34358515048962], [17.331310915218147, -54.59817808049802], [-44.692385144644504, -18.03890737122856], [41.62042814240056, 8.104420226154812], [-16.27082672484321, -32.361640844866635], [4.364314854963595, -45.25528237037361], [48.6167439848441, 2.894812351331935], [5.489822977228365, 30.028966833036513], [-24.10178514395011, -29.46238237246871], [20.72376548602637, 20.974458593139502], [-22.762494933734903, 38.822582425549626], [-53.09405498124761, -17.131081570974654], [-12.361893865132727, 40.39666355812792], [-37.84784414827098, -22.416557831689715], [10.697039093812943, -49.32607667292986], [-9.302885145061737, -37.67270737141371]], "ap_ids": [[11, 12, 60, 61, 62, 63, 64, 65, 66, 67, 74, 82, 83, 87, 131, 132, 144, 332, 478, 502, 68, 73, 85, 114, 145, 176, 501, 516, 517, 59, 84, 96, 175, 277, 389, 486, 496, 70, 249, 121, 180, 495, 98, 122, 128, 69, 97, 113, 127, 138, 511, 115, 177, 181, 503, 107, 116, 248, 260, 313, 386, 108, 371, 258, 282, 369, 394, 174, 261, 329, 372, 274, 315, 146, 78, 432, 99], [12, 61, 62, 63, 65, 66, 74, 77, 82, 83, 84, 87, 139, 145, 64, 73, 85, 138, 248, 279, 335, 391, 489, 496, 70, 389, 495, 144, 501, 502, 517, 439, 131, 11, 127, 69, 78, 128, 96, 97, 516, 484, 511, 249, 277, 332], [63, 87, 127, 128, 131, 138, 139, 248, 277, 332, 481, 489, 495, 496, 502, 517, 11, 12, 61, 62, 64, 74, 85, 117, 118, 483, 69, 73, 84, 65, 132, 98, 99, 479, 66, 144, 389, 70, 501, 516, 362, 60, 511, 82, 77, 68, 145, 78, 449, 484, 83, 486, 67], [65, 78, 82, 83, 84, 85, 132, 144, 145, 286, 342, 398, 484, 66, 77, 87, 96, 131, 186, 248, 517, 64, 187, 502, 63, 249, 496, 70, 73, 74, 121, 11, 69, 164, 165, 174, 282, 394, 138, 139, 495, 501, 439, 516, 61, 332, 12, 99, 97, 62, 59, 277, 279, 315, 371, 260, 489], [59, 61, 62, 63, 64, 65, 66, 70, 77, 84, 128, 248, 277, 332, 335, 389, 391, 428, 479, 496, 517, 67, 68, 69, 78, 82, 83, 85, 87, 122, 131, 144, 145, 486, 502, 229, 456, 480, 518, 74, 96, 127, 279, 236, 457, 473, 60, 97, 478, 511, 418, 199, 230, 455, 460, 512, 436, 484, 503, 73, 11, 430, 437, 439, 465, 132, 237, 489, 12, 249, 117, 118, 139, 481, 495, 501], [11, 12, 84, 85, 122, 127, 131, 132, 144, 145, 249, 478, 496, 517, 63, 121, 128, 502, 69, 87, 277, 484, 64, 70, 78, 248, 389, 83, 82, 65, 449, 77, 332, 66, 61, 73, 74, 486, 483, 59, 60, 62, 511, 204, 118, 113, 117, 203, 114, 454, 67, 68, 503, 196, 462, 461, 157, 195], [61, 62, 69, 70, 77, 78, 82, 83, 84, 85, 98, 186, 187, 286, 342, 398, 484, 511, 517, 65, 87, 282, 340, 496, 502, 66, 394, 109, 110, 164, 165, 175, 189, 258, 260, 274, 313, 315, 316, 338, 369, 63, 64, 73, 74, 279, 335, 391, 460, 486, 508, 371, 174, 372, 248, 277, 188, 386, 12, 329, 396, 284, 389, 261, 501, 131, 249, 11, 99, 127, 128, 138, 139, 178, 179, 332, 495, 516, 67, 68, 118, 97, 107, 108, 114, 117, 132, 180, 478, 96, 121, 144, 145, 113, 115, 60], [87, 117, 118, 127, 128, 138, 139, 479, 59, 60, 65, 66, 69, 70, 77, 78, 83, 84, 85, 144, 145, 248, 332, 428, 432, 484, 496, 502, 517, 82, 489, 495, 418, 456, 480, 131, 277, 483, 64, 62, 63, 97, 511, 229, 61, 234, 422, 439, 457, 73, 389, 132, 504, 516, 455, 435, 449, 507, 74, 122, 503, 199, 232, 237, 501, 68, 431, 474, 233, 11, 12, 121, 236, 67, 436, 471, 506, 5], [11, 12, 61, 113, 114, 121, 122, 127, 131, 132, 144, 145, 478, 83, 116, 128, 502, 517, 82, 180, 181, 64, 65, 66, 203, 115, 496, 177, 176, 62, 63, 197, 248, 418, 449, 467, 489, 510, 503, 146, 147, 107, 108, 417, 506, 420, 461, 196, 198, 141, 509, 140, 413, 216], [61, 62, 63, 64, 65, 66, 69, 73, 74, 77, 78, 82, 83, 127, 128, 144, 145, 248, 279, 335, 391, 456, 479, 502, 277, 87, 237, 428, 439, 460, 480, 486, 496, 214, 455, 418, 508, 84, 389, 332, 517, 218, 229, 212, 476, 473, 430, 219, 70, 132, 449, 199, 117, 469, 67, 139, 424, 12], [63, 64, 65, 66, 69, 70, 77, 78, 82, 83, 84, 85, 87, 109, 186, 187, 286, 342, 398, 484, 189, 59, 517, 62, 421, 439, 502, 249, 74, 164, 496, 61, 174, 175, 495, 11, 165, 188, 260, 261, 338, 394, 425, 138], [11, 84, 85, 117, 118, 127, 128, 138, 139, 479, 481, 483, 495, 12, 70, 98, 473, 496, 516, 69, 77, 87, 99, 501, 465, 277, 517, 59, 248, 64, 66, 60, 489, 502, 78, 63, 389, 484, 511, 65, 132, 332, 61, 62, 82, 73, 74, 83, 449, 145, 198, 237, 428, 418], [61, 65, 66, 82, 83, 84, 85, 144, 145, 484, 516, 517, 63, 64, 87, 138, 139, 277, 391, 496, 11, 12, 59, 69, 70, 74, 77, 78, 121, 122, 132, 332, 501, 502, 73, 489, 495, 511, 62, 186, 248, 279, 131, 389, 60, 98, 335, 96, 97, 249, 286, 342, 398, 127, 128, 428], [61, 62, 63, 64, 65, 66, 73, 74, 77, 82, 83, 84, 85, 87, 139, 145, 335, 391, 489, 144, 279, 12, 67, 78, 138, 186, 187, 332, 495, 127, 277, 496, 70, 439, 517, 97, 502, 248, 389, 501, 11, 132, 128, 249, 486, 516], [12, 65, 66, 77, 82, 85, 99, 117, 118, 127, 128, 138, 139, 229, 449, 479, 483, 495, 502, 70, 234, 237, 418, 465, 496, 11, 84, 87, 98, 481, 501, 61, 62, 69, 440, 456, 484, 132, 233, 232, 516, 248, 230, 517, 83, 131, 473, 511, 277, 428, 59, 480, 389, 145, 236, 78, 198, 60, 144], [11, 12, 84, 85, 127, 128, 131, 132, 144, 248, 249, 496, 502, 517, 64, 77, 145, 63, 65, 66, 87, 277, 332, 483, 69, 73, 78, 70, 389, 82, 478, 62, 484, 489, 61, 74, 83, 114, 59, 60, 511, 121, 139, 118, 138, 486, 122, 117, 96, 97, 157, 461, 68], [65, 66, 70, 73, 77, 78, 82, 83, 84, 85, 87, 96, 144, 145, 187, 342, 484, 489, 496, 502, 11, 61, 74, 127, 495, 64, 138, 139, 249, 335, 398, 511, 12, 63, 286, 62, 391, 389, 501, 186, 517, 69, 131, 248, 516, 132, 97, 315, 371], [11, 12, 63, 64, 65, 84, 87, 118, 127, 128, 138, 481, 496, 502, 483, 489, 61, 62, 66, 69, 74, 85, 131, 132, 144, 332, 517, 139, 248, 389, 117, 249, 70, 145, 77, 73, 60, 484, 277, 78, 82, 83, 511, 59, 495, 516, 501, 67, 68, 486], [11, 12, 65, 66, 83, 113, 114, 121, 131, 132, 144, 145, 177, 478, 517, 82, 116, 176, 122, 140, 63, 64, 180, 181, 502, 61, 127, 62, 128, 74, 73, 115, 141, 332, 68, 496, 503, 84, 87, 248, 486, 277, 389, 6, 108, 432, 77, 78, 67, 501, 516], [65, 66, 69, 70, 77, 78, 82, 83, 84, 85, 164, 186, 187, 260, 286, 342, 371, 398, 64, 87, 174, 188, 484, 421, 439, 476, 165, 175, 282, 316, 338, 394, 12, 369, 313, 11, 189, 144, 145, 372, 249, 315, 448, 112, 425, 261, 258, 60, 61, 62, 517, 131, 63, 318, 502, 511, 375, 111, 132, 248], [11, 12, 63, 65, 66, 113, 121, 122, 127, 128, 131, 132, 144, 145, 332, 478, 484, 502, 517, 496, 114, 248, 117, 204, 84, 389, 64, 203, 61, 62, 74, 73, 82, 83, 67, 503, 85, 511, 115, 70, 68, 277, 461, 78, 87, 176, 177, 116, 157, 69, 249], [59, 61, 62, 65, 66, 69, 70, 77, 78, 82, 83, 84, 85, 87, 164, 186, 187, 286, 332, 398, 484, 63, 342, 144, 145, 502, 249, 489, 501, 64, 96, 11, 60, 138, 517, 139, 496, 277, 74, 98, 121, 495, 174, 175, 439], [61, 62, 63, 64, 65, 66, 73, 74, 78, 82, 83, 279, 335, 391, 87, 70, 96, 97, 517, 428, 439, 479, 12, 84, 144, 145, 85, 332, 456, 11, 486, 502, 249, 77, 248, 277, 69, 501, 496, 516, 127], [61, 62, 63, 64, 65, 66, 82, 83, 84, 85, 87, 138, 144, 145, 332, 484, 501, 502, 516, 69, 248, 279, 335, 391, 496, 517, 77, 131, 132, 97, 11, 78, 389, 495, 187, 249, 127, 186, 277, 118, 12, 139, 70, 511, 96, 73, 74, 121, 489, 128]], "rssi": [[-69.86923076923077, -70.53846153846153, -88.5, -88.67605633802818, -80.8125, -88.28915662650603, -88.76086956521739, -82.85416666666667, -87.16666666666667, -87.29545454545455, -88.53846153846153, -84.61224489795919, -84.73770491803279, -86.5679012345679, -81.76086956521739, -82.63157894736842, -86.76288659793815, -87.42105263157895, -84.79012345679013, -85.11666666666666, -88.225, -87.62857142857143, -89.75, -91.28571428571429, -86.95, -90.76190476190476, -91.04347826086956, -89.34615384615384, -86.85964912280701, -88.66666666666667, -88.0, -91.66666666666667, -83.71428571428571, -87.10344827586206, -85.88888888888889, -89.48571428571428, -87.18840579710145, -89.66666666666667, -89.42105263157895, -90.73684210526316, -91.76923076923077, -91.8, -93.0, -90.6875, -89.66666666666667, -90.35714285714286, -90.6, -91.48148148148148, -87.0909090909091, -98.0, -96.0, -95.66666666666667, -92.1875, -94.58333333333333, -91.79310344827586, -91.33333333333333, -93.8, -86.62222222222222, -94.5, -90.66666666666667, -97.0, -94.54545454545455, -96.0, -94.33333333333333, -95.5, -92.5, -95.0, -92.27272727272727, -95.0, -96.66666666666667, -95.5, -98.0, -95.0, -96.0, -87.875, -86.96666666666667, -95.0], [-95.53846153846153, -86.17241379310344, -88.20454545454545, -81.89655172413794, -61.19101123595506, -61.38202247191011, -93.28571428571429, -91.34482758620689, -74.20930232558139, -70.6144578313253, -90.9245283018868, -83.5632183908046, -93.26666666666667, -91.03030303030303, -81.3953488372093, -91.96875, -90.1025641025641, -91.55555555555556, -92.54285714285714, -85.57894736842105, -86.27692307692308, -85.1063829787234, -92.46153846153847, -87.8157894736842, -91.29411764705883, -95.0, -92.36842105263158, -90.8135593220339, -93.23076923076923, -87.1923076923077, -87.67647058823529, -91.83333333333333, -95.0, -94.8, -94.11111111111111, -89.21428571428571, -90.51612903225806, -96.33333333333333, -94.0, -93.0, -93.14285714285714, -95.0, -91.2, -89.9375, -91.5, -89.0], [-89.08988764044943, -83.91329479768787, -63.30612244897959, -64.26530612244898, -89.64285714285714, -81.28497409326425, -81.45077720207254, -82.12612612612612, -89.1470588235294, -88.16279069767442, -81.72916666666667, -86.65384615384616, -89.29166666666667, -76.5360824742268, -74.01834862385321, -76.28787878787878, -79.52439024390245, -79.39156626506023, -92.29411764705883, -76.46296296296296, -88.15957446808511, -87.53333333333333, -86.95744680851064, -81.85714285714286, -82.27741935483871, -71.72151898734177, -90.0952380952381, -90.62068965517241, -86.92, -91.2560975609756, -92.78571428571429, -90.94117647058823, -88.8125, -87.0, -84.98876404494382, -88.57142857142857, -88.29411764705883, -91.18181818181819, -89.92592592592592, -91.02777777777777, -91.33333333333333, -88.66666666666667, -73.83333333333333, -92.6923076923077, -89.19607843137256, -93.0, -92.2, -87.19148936170212, -90.0, -94.0, -91.0, -91.0, -89.5], [-71.44086021505376, -82.18947368421053, -62.47, -60.14, -80.92, -81.14, -95.45454545454545, -80.5909090909091, -80.72093023255815, -89.73134328358209, -91.01515151515152, -89.63076923076923, -77.5, -70.09876543209876, -80.92391304347827, -84.66666666666667, -92.875, -95.3076923076923, -92.5625, -93.0, -64.61538461538461, -91.15555555555555, -91.0, -86.54, -92.01923076923077, -90.6470588235294, -74.66, -93.08695652173913, -93.5, -94.66666666666667, -95.0, -93.88888888888889, -92.33333333333333, -88.0, -90.0, -91.0, -90.0, -93.0, -90.85714285714286, -91.86666666666666, -94.13333333333334, -91.77777777777777, -95.0, -92.0, -92.20930232558139, -92.66666666666667, -93.0, -97.0, -93.0, -91.38461538461539, -91.0, -92.0, -95.0, -92.0, -92.0, -91.0, -93.0], [-92.63636363636364, -77.57777777777778, -78.12222222222222, -79.81481481481481, -80.5952380952381, -62.53333333333333, -59.48888888888889, -91.0576923076923, -90.13333333333334, -89.38888888888889, -82.82, -88.625, -86.6984126984127, -85.24561403508773, -82.78571428571429, -86.91228070175438, -83.41176470588235, -90.52380952380952, -91.85507246376811, -89.91666666666667, -90.23076923076923, -90.46666666666667, -91.03703703703704, -90.92156862745098, -88.91428571428571, -81.96666666666667, -82.82142857142857, -89.13157894736842, -85.68493150684931, -94.0, -94.0, -89.80357142857143, -89.86206896551724, -93.83333333333333, -87.25, -91.66666666666667, -87.98039215686275, -94.15789473684211, -92.6, -88.03846153846153, -93.28571428571429, -82.3015873015873, -80.30434782608695, -92.42857142857143, -94.33333333333333, -92.0, -93.0909090909091, -94.33333333333333, -91.1, -92.0, -94.0, -95.0, -93.66666666666667, -92.6, -92.25, -96.0, -97.0, -93.23076923076923, -91.6875, -87.3265306122449, -93.18181818181819, -96.0, -95.66666666666667, -90.88888888888889, -95.0, -95.0, -89.83333333333333, -95.0, -96.0, -92.0, -90.52941176470588, -89.0, -92.0, -93.0, -92.0, -89.0], [-61.50704225352113, -61.84507042253521, -83.36619718309859, -83.22535211267606, -89.1203007518797, -76.88764044943821, -78.19, -78.33663366336634, -81.42131979695432, -81.39901477832512, -87.675, -86.76190476190476, -79.54268292682927, -79.06410256410257, -90.30882352941177, -88.31428571428572, -78.13661202185793, -78.85119047619048, -88.6842105263158, -90.11111111111111, -88.41176470588235, -86.92, -90.35555555555555, -89.16949152542372, -87.05263157894737, -80.62222222222222, -90.66666666666667, -86.24074074074075, -86.70175438596492, -83.92233009708738, -93.6, -88.17777777777778, -86.85714285714286, -88.20175438596492, -92.55737704918033, -89.15789473684211, -89.70588235294117, -90.33333333333333, -89.0, -94.0, -90.85714285714286, -69.67692307692307, -94.0, -93.8, -90.70833333333333, -95.5, -91.0625, -95.33333333333333, -96.0, -89.0, -87.85714285714286, -86.22222222222223, -91.0, -92.66666666666667, -87.57142857142857, -91.5, -95.0, -92.0], [-90.71428571428571, -90.97916666666667, -83.6875, -85.91304347826087, -74.8, -75.24, -63.0375, -59.225, -78.0379746835443, -79.4875, -91.5, -85.59615384615384, -84.3170731707317, -85.44736842105263, -87.43243243243244, -88.1842105263158, -84.62162162162163, -95.33333333333333, -87.6, -88.66666666666667, -84.45205479452055, -90.5111111111111, -92.125, -89.55555555555556, -87.07692307692308, -88.4074074074074, -90.57894736842105, -96.5, -93.71428571428571, -86.08333333333333, -89.76923076923077, -90.21739130434783, -93.14285714285714, -83.46666666666667, -88.14285714285714, -95.0, -88.16666666666667, -87.33333333333333, -90.75, -90.87234042553192, -45.05882352941177, -89.82926829268293, -90.73529411764706, -88.0952380952381, -87.07692307692308, -57.0, -56.0, -57.0, -92.0, -88.11111111111111, -93.0, -89.66666666666667, -89.72727272727273, -90.66666666666667, -90.53846153846153, -86.10714285714286, -93.0, -94.0, -55.588235294117645, -89.0, -89.0, -96.0, -84.0, -90.0, -89.84210526315789, -89.8, -91.18181818181819, -81.26315789473684, -90.9047619047619, -91.55555555555556, -91.9090909090909, -92.54545454545455, -91.6, -88.35714285714286, -89.625, -83.88461538461539, -88.0909090909091, -87.6, -89.42105263157895, -89.15789473684211, -94.8, -88.0, -84.0, -85.0, -86.0, -85.0, -78.0, -86.0, -82.0, -91.0, -89.0, -78.0, -90.0, -86.0, -89.0, -90.0], [-88.71428571428571, -85.80952380952381, -86.09756097560975, -78.47407407407407, -78.28676470588235, -86.39344262295081, -87.0, -88.42307692307692, -86.78333333333333, -86.58461538461539, -89.34210526315789, -91.16455696202532, -87.04347826086956, -86.06666666666666, -88.49473684210527, -88.02105263157895, -89.23809523809524, -85.48837209302326, -85.75862068965517, -90.3170731707317, -90.57142857142857, -83.61224489795919, -86.14285714285714, -88.76119402985074, -88.72727272727273, -86.08955223880596, -86.4, -87.36170212765957, -85.32558139534883, -88.63414634146342, -90.0, -87.88888888888889, -89.72222222222223, -86.42, -91.79411764705883, -94.33333333333333, -88.74074074074075, -88.0, -91.41176470588235, -93.64285714285714, -88.58333333333333, -94.6, -91.24, -91.25490196078431, -70.65384615384616, -93.58333333333333, -94.0, -88.73684210526316, -95.0, -89.54545454545455, -88.88888888888889, -92.16666666666667, -92.83333333333333, -92.28571428571429, -92.5, -93.375, -92.5, -95.0, -91.5, -93.42105263157895, -88.25, -99.0, -95.0, -90.0, -91.25, -93.11111111111111, -96.0, -95.0, -88.9, -86.76923076923077, -87.17647058823529, -92.875, -88.72727272727273, -89.25, -94.0, -91.0, -91.0, -92.84615384615384], [-58.78294573643411, -59.46511627906977, -89.0, -86.22077922077922, -86.42307692307692, -88.03448275862068, -86.35365853658537, -86.17647058823529, -71.203125, -71.2578125, -80.62790697674419, -80.6875, -78.13333333333334, -86.29545454545455, -90.62068965517241, -85.35849056603773, -88.51724137931035, -90.16666666666667, -84.64102564102564, -80.06451612903226, -87.08571428571429, -91.0, -86.57142857142857, -91.83333333333333, -89.0, -89.38888888888889, -90.33333333333333, -90.50980392156863, -88.17142857142858, -93.33333333333333, -90.4, -93.28571428571429, -82.0, -91.36363636363636, -91.375, -93.75, -93.33333333333333, -97.0, -90.48214285714286, -94.0, -94.66666666666667, -93.75, -93.5, -94.66666666666667, -95.4, -94.0, -92.46666666666667, -97.0, -92.5, -93.33333333333333, -98.0, -92.0, -98.0, -95.0], [-71.31538461538462, -70.5923076923077, -75.99230769230769, -76.61538461538461, -58.238461538461536, -55.63846153846154, -97.0, -83.73770491803279, -85.672, -94.15, -95.16666666666667, -79.03614457831326, -72.09677419354838, -73.0246913580247, -73.17777777777778, -91.95744680851064, -89.82978723404256, -93.41666666666667, -68.53076923076924, -68.4076923076923, -69.12307692307692, -90.43548387096774, -90.2967032967033, -93.2, -92.7, -83.51086956521739, -91.04545454545455, -90.87096774193549, -92.8, -90.71084337349397, -96.25, -66.35849056603773, -96.0, -92.16666666666667, -89.6896551724138, -95.0, -92.01515151515152, -95.9, -95.0, -95.0, -92.13333333333334, -95.625, -93.5, -94.0, -92.0, -94.4, -98.0, -94.5, -94.0, -96.0, -96.0, -95.0, -97.0, -95.0, -93.0, -93.0, -90.0, -92.0], [-90.17391304347827, -90.62745098039215, -71.5375, -71.51898734177215, -88.03030303030303, -86.18840579710145, -68.4375, -69.5625, -48.05, -44.1625, -65.825, -67.05, -81.07692307692308, -95.5, -87.91803278688525, -87.71186440677967, -84.0, -81.65, -81.76315789473684, -78.35, -85.75, -97.0, -90.07407407407408, -92.09756097560975, -99.0, -89.4375, -88.05263157894737, -92.03703703703704, -96.0, -91.66666666666667, -89.2, -92.17142857142858, -92.0952380952381, -91.5, -92.0, -84.0, -89.0, -84.0, -89.0, -93.0, -93.0, -91.0, -91.0, -92.0], [-82.20833333333333, -88.32727272727273, -87.71186440677967, -74.95035460992908, -75.26027397260275, -55.38926174496644, -55.69798657718121, -73.28859060402685, -73.12080536912751, -89.94827586206897, -86.62237762237763, -74.76335877862596, -87.50877192982456, -82.98701298701299, -90.44444444444444, -89.36458333333333, -90.66666666666667, -86.60526315789474, -87.42222222222222, -91.83333333333333, -90.58823529411765, -91.9875, -88.73626373626374, -87.64, -89.0, -90.0, -87.4375, -89.85714285714286, -83.42105263157895, -90.73076923076923, -91.05, -89.28571428571429, -91.5, -87.0909090909091, -89.73333333333333, -91.13636363636364, -92.36363636363636, -95.66666666666667, -62.8203125, -94.14285714285714, -93.2, -91.2, -94.8, -94.57142857142857, -89.33333333333333, -94.0, -95.0, -94.5, -92.0, -91.0, -90.0, -90.0, -89.0, -94.0], [-88.32, -70.38775510204081, -69.16326530612245, -68.46, -67.76, -90.8936170212766, -90.92307692307692, -87.11111111111111, -86.55813953488372, -90.26315789473684, -83.5, -87.0, -88.4, -88.9, -79.75510204081633, -92.90625, -92.3103448275862, -91.85714285714286, -92.2, -87.0, -92.0, -91.14285714285714, -92.2, -88.38888888888889, -85.63636363636364, -89.8, -90.59375, -91.42857142857143, -93.33333333333333, -93.0, -94.75, -91.4, -88.0, -85.37037037037037, -88.0, -91.0, -90.42857142857143, -92.88888888888889, -92.65384615384616, -93.0, -92.0, -86.5, -94.45454545454545, -89.0, -92.0, -95.0, -91.17647058823529, -92.36842105263158, -91.29411764705883, -92.0, -91.0, -91.0, -92.0, -85.0, -85.0, -89.0], [-78.675, -78.875, -76.6125, -74.575, -56.7875, -55.175, -92.23809523809524, -92.17391304347827, -95.3529411764706, -71.8875, -71.7, -92.22727272727273, -92.67441860465117, -83.67123287671232, -94.5, -91.77777777777777, -84.81944444444444, -81.81159420289855, -94.0, -91.76923076923077, -81.79729729729729, -96.0, -94.0, -93.89473684210526, -94.0, -95.5, -93.66666666666667, -96.0, -95.0, -95.0, -91.80952380952381, -69.0, -97.0, -95.0, -89.0, -96.0, -88.72, -92.61538461538461, -94.2, -92.22222222222223, -96.0, -96.0, -94.0, -88.1923076923077, -93.0, -93.0], [-83.45, -85.89795918367346, -86.19565217391305, -88.57142857142857, -88.36842105263158, -87.95454545454545, -88.75, -70.44036697247707, -69.88073394495413, -52.03669724770642, -53.1651376146789, -70.63302752293578, -70.55045871559633, -89.8, -89.75, -85.95604395604396, -79.92207792207792, -86.21739130434783, -88.66666666666667, -90.76923076923077, -90.8108108108108, -89.67647058823529, -91.6, -85.0, -89.5625, -83.52380952380952, -88.29411764705883, -90.16, -88.9245283018868, -86.58620689655173, -87.5, -92.5, -93.0, -93.23076923076923, -89.0, -76.37931034482759, -86.0, -89.57142857142857, -91.16666666666667, -87.5, -84.0, -84.10526315789474, -91.0, -85.83333333333333, -91.0, -88.0, -88.66666666666667, -76.81159420289855, -89.85714285714286, -92.625, -93.125, -92.0, -92.0, -89.88888888888889, -88.0, -88.5, -91.77777777777777, -91.0, -89.44444444444444], [-70.19745222929936, -70.02547770700637, -82.5774647887324, -83.05333333333333, -78.49673202614379, -78.77852348993288, -86.1938775510204, -86.96261682242991, -87.70754716981132, -82.31372549019608, -81.34532374100719, -70.22448979591837, -69.26451612903226, -70.05755395683454, -87.67768595041322, -87.35135135135135, -88.24770642201835, -88.1640625, -83.68817204301075, -87.70967741935483, -90.87837837837837, -88.33333333333333, -88.48, -91.47058823529412, -89.41428571428571, -90.38888888888889, -88.65, -90.85526315789474, -90.07692307692308, -89.1304347826087, -90.27272727272727, -86.16417910447761, -92.17543859649123, -90.46875, -91.75471698113208, -90.21739130434783, -88.3076923076923, -93.0, -90.35, -90.375, -91.83333333333333, -73.66666666666667, -91.375, -93.16666666666667, -88.5, -89.375, -93.33333333333333, -91.57142857142857, -88.25, -90.0, -95.0, -93.0, -91.0], [-68.775, -68.4125, -93.63157894736842, -95.66666666666667, -88.45333333333333, -89.35526315789474, -62.9125, -61.1625, -87.2125, -85.8375, -81.89189189189189, -94.0, -87.73239436619718, -88.27631578947368, -93.53846153846153, -91.5, -77.375, -95.0, -86.84313725490196, -89.72916666666667, -91.21428571428571, -92.3157894736842, -95.8, -92.6, -93.6, -90.68518518518519, -92.92307692307692, -92.61111111111111, -90.64864864864865, -94.0, -93.03571428571429, -91.13333333333334, -90.57142857142857, -89.98181818181818, -92.38235294117646, -92.61363636363636, -95.0, -94.0, -93.0, -93.05, -91.0625, -93.55555555555556, -92.5925925925926, -93.0, -93.0, -97.0, -93.6, -92.0, -92.0], [-75.80701754385964, -76.62608695652175, -85.02970297029702, -84.53061224489795, -87.66666666666667, -85.25925925925925, -78.00854700854701, -89.55882352941177, -71.76724137931035, -71.99152542372882, -89.14754098360656, -89.12328767123287, -64.17391304347827, -62.85585585585586, -79.04, -83.06557377049181, -90.19047619047619, -83.11764705882354, -88.61290322580645, -88.96551724137932, -87.76315789473684, -86.31914893617021, -87.04166666666667, -87.34782608695652, -88.15625, -86.26315789473684, -63.61616161616162, -87.94827586206897, -81.41791044776119, -87.0, -89.52631578947368, -88.65384615384616, -88.70175438596492, -89.93333333333334, -88.32, -88.04651162790698, -88.66666666666667, -93.41176470588235, -88.73684210526316, -88.46875, -87.46666666666667, -88.25, -85.42465753424658, -93.25, -96.0, -96.16666666666667, -97.0, -93.07692307692308, -89.73333333333333, -89.0909090909091], [-50.74311926605505, -51.77272727272727, -91.04761904761905, -86.43589743589743, -82.01886792452831, -82.8735632183908, -82.45161290322581, -83.01538461538462, -70.58181818181818, -70.5229357798165, -76.89090909090909, -76.48181818181818, -86.91111111111111, -71.57142857142857, -88.5625, -83.025, -89.92857142857143, -86.93103448275862, -87.48484848484848, -91.75, -90.43478260869566, -88.91428571428571, -90.0, -90.61702127659575, -91.08333333333333, -79.6470588235294, -87.125, -86.55555555555556, -86.66666666666667, -90.71428571428571, -91.8125, -91.07692307692308, -89.0, -90.84615384615384, -88.0, -86.0, -85.55223880597015, -94.0, -95.0, -86.19047619047619, -97.0, -88.83333333333333, -89.4, -97.5, -93.0, -90.94736842105263, -88.0, -88.33333333333333, -94.0, -87.0, -89.0], [-86.10714285714286, -86.03448275862068, -81.7719298245614, -86.375, -72.17777777777778, -71.95555555555555, -55.81111111111111, -53.077777777777776, -75.02222222222223, -76.32222222222222, -89.04918032786885, -79.74418604651163, -79.55172413793103, -87.85714285714286, -71.64044943820225, -69.86666666666666, -85.33333333333333, -68.58888888888889, -90.60714285714286, -85.66129032258064, -89.36, -82.79310344827586, -89.3030303030303, -99.0, -87.57894736842105, -93.81818181818181, -89.65573770491804, -89.64814814814815, -91.4090909090909, -91.8, -93.57142857142857, -92.34782608695652, -62.114285714285714, -89.9, -90.76923076923077, -78.77777777777777, -76.57575757575758, -95.0, -94.0, -91.70588235294117, -91.64, -90.46666666666667, -95.8, -92.33333333333333, -91.28571428571429, -92.75, -87.85714285714286, -92.0, -92.26315789473684, -91.34615384615384, -91.0, -90.05555555555556, -91.0, -93.0, -85.0, -93.0, -92.0, -91.0, -91.0, -89.0], [-52.23255813953488, -53.48837209302326, -88.96825396825396, -84.15625, -82.46551724137932, -89.0, -85.76724137931035, -85.85365853658537, -79.24358974358974, -80.39795918367346, -65.04651162790698, -65.20930232558139, -72.55813953488372, -72.14728682170542, -88.42857142857143, -80.77049180327869, -89.8, -83.76388888888889, -83.69491525423729, -85.66666666666667, -89.82051282051282, -80.22388059701493, -92.33333333333333, -85.5, -87.81818181818181, -86.55555555555556, -89.2542372881356, -87.56521739130434, -92.61538461538461, -88.0, -89.07692307692308, -87.84210526315789, -89.6, -92.0, -90.1, -90.94117647058823, -88.81818181818181, -97.0, -96.0, -96.0, -91.85714285714286, -87.66666666666667, -97.0, -90.0, -93.41176470588235, -89.0, -90.8, -90.0, -95.0, -91.0, -94.0], [-95.8, -92.27659574468085, -91.61538461538461, -72.04444444444445, -72.15555555555555, -88.27272727272727, -78.3076923076923, -73.93333333333334, -78.02222222222223, -56.077777777777776, -53.4, -74.18888888888888, -74.33333333333333, -86.17777777777778, -96.0, -90.85365853658537, -88.4, -85.1590909090909, -96.5, -86.28571428571429, -76.91111111111111, -90.82857142857142, -85.5, -87.11764705882354, -70.73684210526316, -85.96428571428571, -91.89655172413794, -97.0, -90.0, -90.82222222222222, -97.5, -93.0, -90.5, -96.0, -74.40625, -95.5, -86.3, -93.5, -92.66666666666667, -92.0, -94.0, -95.0, -93.0, -92.0, -89.0], [-71.96666666666667, -73.77777777777777, -69.4888888888889, -69.44444444444444, -48.1, -45.27777777777778, -84.71621621621621, -84.96341463414635, -95.46153846153847, -73.2125, -73.225, -73.1685393258427, -75.43820224719101, -76.66292134831461, -81.52054794520548, -97.0, -96.7, -96.33333333333333, -92.0, -91.9, -92.4, -93.0, -94.2, -90.6, -91.79411764705883, -91.01666666666667, -90.6774193548387, -93.27272727272727, -92.6, -96.33333333333333, -91.4, -89.0, -94.33333333333333, -92.73684210526316, -91.0, -92.83333333333333, -93.0, -91.57142857142857, -86.0, -93.0, -91.0], [-90.453125, -90.0952380952381, -88.33333333333333, -86.97222222222223, -62.675, -62.8875, -69.6125, -67.625, -91.04, -91.31147540983606, -79.98701298701299, -91.05263157894737, -87.14492753623189, -89.53731343283582, -96.0, -95.2, -91.6774193548387, -90.27586206896552, -91.6, -92.03333333333333, -90.4047619047619, -88.43589743589743, -88.06060606060606, -89.2, -88.84375, -89.44444444444444, -90.81818181818181, -94.33333333333333, -95.25, -94.625, -92.8, -92.39285714285714, -96.0, -90.87878787878788, -95.33333333333333, -73.54545454545455, -92.66666666666667, -97.0, -94.0, -95.0, -93.2, -91.75, -91.4, -94.2, -92.33333333333333, -92.0, -92.0, -92.0, -93.0, -92.0]], "edges": [[15, 0, 35.610603477776834], [4, 13, 22.753060250120924], [22, 4, 18.143141001336513], [21, 10, 8.124750150313155], [2, 15, 30.874640718522453], [14, 7, 14.978883605114586], [7, 17, 39.98620060062597], [1, 4, 29.29832173579565], [15, 8, 29.084613950258934], [5, 0, 27.057066012468713], [5, 17, 28.117667796186623], [17, 5, 28.117667796186623], [17, 14, 33.23991362450292], [1, 23, 7.956575876945885], [14, 11, 8.722869343091352], [13, 23, 15.629708873025887], [13, 1, 7.708153921237695], [11, 7, 19.68231139308237], [12, 3, 16.5878906268345], [9, 4, 16.740405671831006], [6, 21, 22.25091536207815], [15, 2, 30.874640718522453], [1, 13, 7.708153921237695], [5, 15, 10.397245810648565], [11, 15, 42.26235172726307], [18, 0, 11.439732386513885], [16, 10, 23.547156717798323], [3, 10, 15.261413863577223], [12, 16, 8.350425704810048], [10, 19, 8.450574165516393], [20, 8, 9.757448054421431], [22, 1, 15.20287723374287], [9, 23, 31.557122151766304], [10, 21, 8.124750150313155], [4, 9, 16.740405671831006], [21, 6, 22.25091536207815], [8, 18, 12.370615077061123], [4, 22, 18.143141001336513], [22, 9, 8.473996451024354], [15, 11, 42.26235172726307], [15, 5, 10.397245810648565], [0, 15, 35.610603477776834], [4, 7, 34.125640532809264], [23, 16, 16.92385528670697], [8, 15, 29.084613950258934], [22, 23, 23.147310548706216], [10, 3, 15.261413863577223], [7, 4, 34.125640532809264], [14, 2, 20.145710912713007], [10, 16, 23.547156717798323], [16, 19, 31.50575645458459], [2, 11, 11.424517653718784], [19, 6, 15.98556412648307], [17, 7, 39.98620060062597], [18, 15, 29.58920652080798], [2, 7, 28.68063816302821], [5, 20, 10.247617668393977], [5, 8, 19.037626384416043], [19, 16, 31.50575645458459], [1, 9, 23.600753984890552], [8, 0, 23.748062635998846], [14, 4, 48.80946308291046], [13, 9, 15.982261638357642], [2, 14, 20.145710912713007], [7, 11, 19.68231139308237], [6, 10, 15.994197217175442], [0, 8, 23.748062635998846], [2, 17, 13.158453491720985], [15, 17, 17.721656915416393], [0, 5, 27.057066012468713], [19, 10, 8.450574165516393], [4, 1, 29.29832173579565], [1, 22, 15.20287723374287], [3, 12, 16.5878906268345], [17, 2, 13.158453491720985], [3, 19, 23.281658470006462], [3, 16, 8.285744305762131], [12, 1, 16.704848353128074], [19, 3, 23.281658470006462], [15, 18, 29.58920652080798], [18, 8, 12.370615077061123], [17, 11, 24.54197216488442], [7, 14, 14.978883605114586], [16, 21, 15.446610683567913], [19, 21, 16.136393775133165], [7, 2, 28.68063816302821], [16, 23, 16.92385528670697], [8, 20, 9.757448054421431], [18, 20, 10.519041496265128], [6, 19, 15.98556412648307], [23, 13, 15.629708873025887], [14, 17, 33.23991362450292], [17, 15, 17.721656915416393], [18, 5, 19.557889579454404], [13, 22, 7.528264244766817], [3, 21, 7.170790289496475], [20, 15, 20.643956248822796], [6, 16, 35.72713925040647], [23, 22, 23.147310548706216], [20, 18, 10.519041496265128], [4, 14, 48.80946308291046], [5, 18, 19.557889579454404], [3, 6, 28.12018373021089], [21, 12, 23.7586270022046], [20, 5, 10.247617668393977], [23, 12, 8.7612577583733], [6, 3, 28.12018373021089], [13, 4, 22.753060250120924], [21, 19, 16.136393775133165], [15, 20, 20.643956248822796], [11, 14, 8.722869343091352], [9, 22, 8.473996451024354], [21, 16, 15.446610683567913], [16, 3, 8.285744305762131], [1, 12, 16.704848353128074], [20, 0, 20.5463839173281], [8, 5, 19.037626384416043], [11, 17, 24.54197216488442], [9, 1, 23.600753984890552], [21, 3, 7.170790289496475], [16, 12, 8.350425704810048], [12, 21, 23.7586270022046], [9, 13, 15.982261638357642], [23, 9, 31.557122151766304], [0, 18, 11.439732386513885], [16, 6, 35.72713925040647], [10, 6, 15.994197217175442], [23, 1, 7.956575876945885], [22, 13, 7.528264244766817], [12, 23, 8.7612577583733], [11, 2, 11.424517653718784], [0, 20, 20.5463839173281]]}