{"rp_ids": ["rp_0", "rp_1", "rp_2", "rp_3", "rp_4", "rp_5", "rp_6", "rp_7", "rp_8", "rp_9", "rp_10", "rp_11", "rp_12", "rp_13", "rp_14", "rp_15", "rp_16"], "coords": [[-8.040943638265745, -21.769938867515286], [0.9019379006060262, 46.45614831130952], [44.79708543305323, 26.364383377025945], [2.867923883598637, -52.88504826876884], [-45.587612980678976, -26.160309776828132], [6.8934412759392645, 28.449572985713647], [23.03875789952599, 20.527968309633433], [7.590315653305235, 13.23116404206356], [-32.164766358116815, -21.590796133192878], [-3.1590687649430818, -30.734853593481795], [-1.30720677380001, 55.79267948061567], [-4.871582099176218, -9.232551688328385], [35.81337359713607, 23.409240715453237], [0.38605474207962653, -42.64340958477962], [52.16276790176653, 29.27699831034988], [3.3230679014059206, 36.094098310451955], [-19.378459877067243, -19.098851691207123]], "ap_ids": [[9, 13, 14, 29, 45, 46, 47, 48, 49, 50, 52, 155, 156, 225, 30, 41, 253, 401, 42, 51, 264, 376, 39, 323, 319, 154, 345, 19, 20, 337, 382, 185, 224, 268, 272, 280, 289, 290, 300, 327, 346, 380], [31, 32, 33, 34, 43, 44, 51, 52, 142, 143, 224, 268, 323, 345, 404, 452, 500, 280, 319, 336, 337, 376, 392, 403, 294, 325, 270, 272, 341, 350, 379, 346, 264, 162, 380, 154, 324, 494, 36, 161, 248, 402, 269, 348, 273, 355, 393, 381, 289, 1, 35, 328, 267, 322, 397, 281, 515, 320, 401, 377, 47, 300, 356, 271, 292, 383, 399, 385, 48, 290, 384, 331, 388], [35, 36, 43, 44, 51, 52, 142, 143, 248, 161, 162, 150, 31, 151, 1, 28, 27, 33, 182, 8, 17, 18, 34, 163, 268, 306, 380], [13, 14, 23, 24, 29, 30, 45, 46, 47, 48, 156, 184, 185, 364, 415, 167, 212, 225, 166, 253, 155, 41, 308, 51, 142, 143, 42, 508, 52, 183, 345], [13, 14, 39, 40, 41, 42, 46, 47, 48, 155, 336, 337, 380, 264, 415, 45, 154, 281, 289, 319, 364, 376, 323, 156, 300, 356, 410, 350, 409, 302, 308, 327, 382, 401, 272, 345, 294, 268, 355, 404, 270, 273, 393, 224, 359, 280, 331, 381, 328, 29, 385, 2, 275, 411, 402, 290, 346, 392, 309, 325, 399, 269, 324, 298], [31, 36, 43, 44, 50, 51, 52, 142, 143, 161, 162, 267, 280, 322, 379, 27, 28, 32, 35, 376, 392, 57, 264, 272, 319, 323, 346, 380, 33, 294, 404, 452, 268, 350, 403, 393, 401, 224, 410, 58, 265, 348, 381, 327, 345, 48, 248, 359, 415, 336, 34, 385, 292, 384, 289, 326, 269, 47, 154, 271, 325, 434, 13, 14, 273, 324, 328, 411, 49, 300], [35, 36, 43, 44, 50, 51, 52, 142, 143, 161, 162, 268, 292, 27, 28, 32, 33, 452, 34, 31, 58, 248, 224, 380, 294, 350, 323, 49, 327, 289, 13, 14, 47, 381, 404, 345, 385, 25], [19, 20, 44, 49, 50, 51, 52, 142, 143, 201, 268, 323, 376, 380, 13, 14, 28, 35, 36, 43, 161, 162, 25, 397, 26, 382, 411, 280, 319, 45, 46, 272, 31, 294, 336, 404, 452, 264, 350, 32, 270, 285, 322, 325, 328, 401, 392, 402, 346, 202, 289, 345, 308, 385, 27, 154, 224, 248, 290, 327, 403, 281, 364, 415, 291], [13, 14, 41, 42, 45, 46, 47, 48, 154, 155, 156, 253, 268, 319, 345, 404, 39, 40, 264, 350, 376, 30, 294, 385, 415, 29, 337, 393, 323, 289, 336, 346, 225, 270, 327, 401, 380, 300, 392, 290, 402, 272, 224, 23, 24, 452, 281, 355, 356, 43, 44, 410, 51, 384, 388, 302, 381, 9, 409, 269, 308, 324, 364], [13, 14, 29, 30, 41, 42, 45, 46, 47, 48, 155, 156, 225, 253, 143, 308, 9, 23, 24, 51, 142, 154, 345, 289, 50, 40, 323, 49, 185, 39, 184, 401, 264, 52, 380, 319, 268, 281, 393, 404, 434, 80, 81, 168, 272, 337, 270, 325, 43, 508, 248], [31, 32, 43, 44, 51, 52, 143, 268, 289, 500, 142, 270, 323, 336, 382, 401, 494, 34, 325, 328, 380, 392, 294, 515, 33, 269, 376, 381, 404, 1, 273, 297, 385, 406, 337, 379, 350, 290, 352, 393, 17, 345, 264, 348, 280, 224, 346, 324, 399, 248, 272, 281, 319, 35, 402, 287, 36, 343, 384, 47, 276, 300, 409, 410, 388, 48, 331, 271, 292, 383], [9, 13, 14, 19, 20, 25, 26, 45, 46, 47, 49, 50, 264, 319, 323, 376, 268, 380, 401, 51, 52, 155, 290, 327, 345, 350, 201, 404, 48, 272, 324, 346, 281, 289, 452, 392, 294, 411, 269, 381, 156, 300, 337, 336, 280, 384, 410, 224, 302, 393, 328, 202, 356, 299, 382, 154], [27, 28, 31, 35, 36, 43, 44, 51, 52, 142, 143, 161, 162, 248, 17, 58, 32, 224, 294, 380, 401, 323, 13, 14, 33, 34, 49, 268, 345, 404, 150, 151], [13, 14, 23, 24, 29, 30, 41, 42, 45, 46, 47, 48, 225, 253, 155, 156, 185, 154, 184, 52, 49, 51, 143, 345, 9, 401, 50, 248], [35, 36, 43, 44, 51, 52, 142, 143, 150, 151, 162, 207, 248, 305, 161, 362, 413, 8, 268, 404, 17, 323, 519, 18, 33, 100, 163, 350, 363, 414, 306, 380], [31, 32, 43, 44, 51, 52, 142, 143, 269, 324, 348, 381, 28, 48, 161, 162, 224, 268, 350, 36, 290, 319, 376, 452, 35, 328, 33, 289, 322, 345, 379, 380, 264, 294, 392, 404, 267, 272, 291, 393, 397, 409, 323, 356, 34, 320, 327, 377, 47, 403, 408, 154, 281, 336, 384, 13, 270, 300, 346, 415, 434, 14, 273, 280, 385, 411], [13, 14, 41, 42, 45, 46, 47, 48, 155, 156, 224, 319, 401, 29, 30, 49, 225, 253, 81, 154, 264, 345, 393, 9, 380, 327, 268, 346, 385, 273, 299, 328, 376, 404, 24, 325, 289, 323, 382, 23, 40, 50, 356, 337, 402, 281, 290, 7, 270, 272, 355, 452, 39, 300, 388, 409, 43, 51, 52, 294, 336, 17, 343, 350, 384, 403, 434, 302, 381]], "rssi": [[-81.8695652173913, -51.30769230769231, -51.35897435897436, -83.5625, -77.55555555555556, -77.94736842105263, -68.28947368421052, -68.94736842105263, -75.82352941176471, -77.17647058823529, -88.88888888888889, -78.53846153846153, -77.94594594594595, -86.56666666666666, -83.1875, -83.35714285714286, -86.15151515151516, -87.0, -82.25, -90.0, -93.25, -91.0, -94.0, -86.6, -92.5, -87.0, -83.0, -82.27272727272727, -83.16666666666667, -91.5, -85.0, -84.0, -89.0, -83.0, -85.0, -87.0, -79.0, -83.0, -91.0, -83.0, -88.0, -81.0], [-69.6, -69.72, -81.3409090909091, -83.05714285714286, -45.6, -45.74, -68.61, -68.67, -76.77777777777777, -77.18181818181819, -83.48275862068965, -80.5, -80.24324324324324, -87.625, -83.91304347826087, -89.8, -92.33333333333333, -85.7, -90.66666666666667, -87.15, -87.0, -93.0, -85.52380952380952, -87.0, -83.95652173913044, -87.7, -87.33333333333333, -91.5, -94.0, -82.18604651162791, -92.44444444444444, -82.41176470588235, -93.0, -86.58333333333333, -80.70833333333333, -90.0, -84.5, -87.61538461538461, -87.0909090909091, -88.57142857142857, -87.5, -84.66666666666667, -84.91666666666667, -87.33333333333333, -89.25, -95.0, -90.0, -83.7, -89.33333333333333, -93.0, -88.45454545454545, -86.0, -91.0, -89.0, -90.0, -84.2, -92.0, -94.0, -93.0, -87.0, -84.8125, -88.33333333333333, -86.0, -91.0, -85.0, -87.0, -83.0, -89.375, -84.5, -80.0, -80.0, -88.0, -86.0], [-63.311688311688314, -63.51948051948052, -80.25396825396825, -81.9090909090909, -74.1038961038961, -74.27272727272727, -46.27272727272727, -46.20779220779221, -78.69642857142857, -87.41304347826087, -86.3125, -85.58333333333333, -95.0, -78.8, -94.33333333333333, -92.0, -92.5, -93.0, -95.0, -86.4, -90.0, -89.0, -88.0, -88.0, -88.0, -89.0, -89.0], [-75.81896551724138, -75.44827586206897, -87.4047619047619, -86.38095238095238, -64.1880341880342, -64.24786324786325, -53.94827586206897, -53.96551724137931, -80.2621359223301, -80.38, -91.25, -82.48529411764706, -85.08571428571429, -88.16666666666667, -87.54545454545455, -93.0, -95.0, -88.52941176470588, -90.0, -89.23076923076923, -91.75, -89.82758620689656, -86.47368421052632, -90.27777777777777, -90.0, -90.125, -88.6842105263158, -90.0, -90.77777777777777, -90.0, -91.0], [-75.53676470588235, -75.44444444444444, -82.17582417582418, -81.46875, -76.62878787878788, -76.93076923076923, -87.98076923076923, -49.044117647058826, -49.080882352941174, -87.0677966101695, -90.0, -82.03571428571429, -82.3015873015873, -91.05882352941177, -80.48387096774194, -88.24, -78.5774647887324, -86.36363636363636, -91.0, -90.9047619047619, -81.21428571428571, -91.80952380952381, -81.52, -85.92307692307692, -87.53846153846153, -90.36363636363636, -88.45454545454545, -86.53061224489795, -91.0, -88.66666666666667, -82.48979591836735, -86.28571428571429, -82.4, -90.5, -87.625, -89.0, -86.39393939393939, -81.81944444444444, -88.25, -86.84615384615384, -85.33333333333333, -88.53846153846153, -83.18181818181819, -94.0, -85.3076923076923, -87.55555555555556, -94.0, -95.0, -88.07692307692308, -95.0, -88.38461538461539, -86.0, -86.0, -85.55555555555556, -77.625, -83.0, -64.85714285714286, -85.0, -87.0, -84.0, -87.0, -86.0, -86.66666666666667, -87.0], [-85.81818181818181, -83.81132075471699, -61.98684210526316, -61.810810810810814, -82.63636363636364, -57.285714285714285, -57.467532467532465, -69.84415584415585, -70.11688311688312, -76.57142857142857, -78.72727272727273, -91.25, -83.03846153846153, -90.9, -91.0, -88.25, -89.71428571428571, -86.11538461538461, -83.65306122448979, -90.0, -82.52631578947368, -94.0, -89.2, -87.5, -90.0, -82.0625, -81.5, -84.41304347826087, -89.5, -84.57142857142857, -87.6842105263158, -93.33333333333333, -84.85365853658537, -86.4, -85.28571428571429, -95.0, -93.0, -92.08333333333333, -94.0, -92.5, -95.0, -94.0, -92.6, -84.57142857142857, -93.0, -86.25, -88.0, -90.0, -92.0, -82.41666666666667, -88.5, -85.11111111111111, -81.18181818181819, -82.33333333333333, -94.0, -95.0, -82.33333333333333, -85.4, -85.81818181818181, -86.0, -83.0, -84.6, -80.63636363636364, -81.0909090909091, -84.0, -79.85714285714286, -85.0, -83.0, -80.44444444444444, -87.0], [-79.42553191489361, -79.94623655913979, -67.36734693877551, -67.94949494949495, -79.94736842105263, -52.18, -52.48, -64.09, -64.31, -71.18181818181819, -72.28125, -86.5, -95.0, -89.875, -89.33333333333333, -90.78947368421052, -87.83333333333333, -92.3529411764706, -84.96428571428571, -92.0625, -94.0, -87.77272727272727, -84.34782608695652, -87.28571428571429, -95.0, -89.2, -86.8, -79.72222222222223, -88.0, -90.0, -87.83333333333333, -86.54545454545455, -90.0, -90.0, -86.75, -83.0, -90.0, -69.0], [-73.84722222222223, -74.8840579710145, -74.35714285714286, -62.03448275862069, -62.662921348314605, -67.52272727272727, -67.35227272727273, -77.38805970149254, -78.6842105263158, -92.0, -85.18367346938776, -85.08823529411765, -93.8, -85.19148936170212, -85.96666666666667, -87.075, -94.5, -89.86666666666666, -91.0, -73.93023255813954, -81.1063829787234, -80.52173913043478, -88.52173913043478, -93.66666666666667, -88.88888888888889, -91.0, -84.9090909090909, -85.38709677419355, -93.0, -93.75, -94.57142857142857, -85.0, -92.75, -85.24242424242425, -86.13333333333334, -87.28571428571429, -92.0, -94.5, -88.0, -91.33333333333333, -86.38461538461539, -94.0, -95.0, -92.0, -92.0, -82.3913043478261, -85.85, -76.08333333333333, -78.25, -94.0, -92.5, -80.8, -86.27272727272727, -91.0, -93.0, -89.0, -83.6470588235294, -78.25, -78.0, -79.0, -86.0, -88.0, -86.11111111111111, -85.0, -87.0], [-63.97222222222222, -64.0, -65.47222222222223, -65.49074074074075, -80.25531914893617, -80.22916666666667, -49.9537037037037, -49.98148148148148, -70.19626168224299, -78.25742574257426, -78.14432989690722, -83.10810810810811, -76.40425531914893, -89.95238095238095, -91.33333333333333, -85.25925925925925, -80.26153846153846, -80.6, -89.17391304347827, -85.26315789473684, -89.83333333333333, -85.4, -90.22222222222223, -92.0, -92.5, -84.06521739130434, -79.0, -84.5, -77.86666666666666, -89.33333333333333, -88.18518518518519, -88.0, -83.0625, -88.66666666666667, -85.88888888888889, -83.36842105263158, -80.225, -89.33333333333333, -92.0, -82.92307692307692, -83.52631578947368, -86.8, -82.8076923076923, -92.0, -94.0, -92.0, -86.66666666666667, -93.5, -93.0, -85.06666666666666, -83.26315789473684, -88.0, -88.0, -84.0, -88.33333333333333, -89.0, -84.0, -80.0, -85.0, -86.0, -86.0, -87.0, -86.0], [-60.857142857142854, -60.86666666666667, -77.93137254901961, -78.2135922330097, -82.27956989247312, -82.05434782608695, -67.91666666666667, -67.83333333333333, -70.78095238095239, -70.55339805825243, -79.9, -79.92079207920793, -84.32183908045977, -84.89887640449439, -89.29629629629629, -95.0, -90.375, -90.41666666666667, -90.44444444444444, -86.56, -78.66666666666667, -86.29268292682927, -88.4, -90.5, -90.65517241379311, -85.80645161290323, -92.0, -78.6, -83.76923076923077, -93.0, -84.61538461538461, -89.44736842105263, -95.0, -87.47826086956522, -93.0, -95.0, -86.0, -91.0, -90.0, -89.0, -84.66666666666667, -86.54545454545455, -86.0, -87.0, -90.0, -89.0, -90.0, -91.0, -89.0, -90.0, -91.0], [-71.72972972972973, -71.8108108108108, -47.55844155844156, -47.506493506493506, -72.12987012987013, -72.55844155844156, -81.0909090909091, -79.64150943396227, -83.72727272727273, -88.5, -80.32142857142857, -90.16666666666667, -79.63461538461539, -85.73333333333333, -91.0, -89.0, -88.44, -84.3913043478261, -86.18181818181819, -89.66666666666667, -80.13725490196079, -86.6, -80.54285714285714, -88.125, -84.27777777777777, -86.33333333333333, -94.0, -88.6, -82.23076923076923, -94.5, -87.2, -94.0, -85.1, -95.0, -89.33333333333333, -94.0, -81.9375, -92.0, -95.0, -88.5, -94.0, -87.75, -93.0, -86.25, -86.5, -86.70588235294117, -83.5, -84.33333333333333, -86.75, -87.33333333333333, -85.55555555555556, -89.0, -93.5, -93.0, -81.25, -84.2, -86.0, -80.0, -82.0, -87.5, -91.0, -87.92307692307692, -86.0, -88.0, -87.41176470588235, -84.0, -88.0, -91.0, -85.0, -87.0], [-70.10169491525424, -71.03333333333333, -70.36842105263158, -75.40350877192982, -76.05357142857143, -84.71428571428571, -82.5909090909091, -89.63636363636364, -88.95238095238095, -82.25925925925925, -66.08333333333333, -66.18333333333334, -86.5, -86.65217391304348, -81.8108108108108, -87.8, -81.21621621621621, -80.86842105263158, -83.66666666666667, -85.47826086956522, -82.43478260869566, -86.28571428571429, -88.0, -83.0625, -89.0, -95.0, -85.0, -85.78947368421052, -82.54545454545455, -85.0, -89.0, -90.0, -85.55555555555556, -82.66666666666667, -91.5, -94.0, -93.0, -93.0, -87.0, -85.07142857142857, -85.96153846153847, -88.0, -90.0, -88.83333333333333, -94.0, -93.0, -86.375, -85.23076923076923, -94.0, -84.25, -92.0, -85.6470588235294, -85.45454545454545, -90.0, -77.0, -88.0], [-86.4, -87.30434782608695, -94.0, -63.392405063291136, -63.58227848101266, -75.46666666666667, -75.66666666666667, -65.86075949367088, -65.9367088607595, -49.53164556962025, -49.69620253164557, -79.92307692307692, -80.265625, -79.64, -92.0, -94.0, -94.0, -76.75, -88.0, -88.0, -91.0, -90.0, -89.0, -80.0, -88.0, -88.5, -88.0, -87.0, -83.0, -85.0, -77.0, -77.0], [-67.2280701754386, -67.08771929824562, -86.96153846153847, -86.22222222222223, -63.08771929824562, -63.73684210526316, -86.81818181818181, -88.5, -53.535714285714285, -53.357142857142854, -75.07407407407408, -75.11320754716981, -90.41176470588235, -90.48571428571428, -89.04761904761905, -88.9, -82.57142857142857, -94.0, -81.95833333333333, -89.07692307692308, -90.0, -89.75, -91.0, -90.8, -89.0, -87.0, -91.0, -91.0], [-75.85, -75.775, -84.78571428571429, -83.15, -80.08108108108108, -80.25, -57.925, -57.95, -81.55555555555556, -77.0, -91.15, -93.5, -71.63157894736842, -93.8, -92.55555555555556, -94.0, -94.4, -86.72727272727273, -87.75, -93.0, -88.125, -93.0, -94.0, -85.9090909090909, -89.0, -79.0, -86.88235294117646, -86.0, -89.0, -90.0, -89.0, -89.0], [-78.92307692307692, -82.38888888888889, -54.5, -54.325, -59.65, -59.85, -72.525, -72.925, -82.66666666666667, -85.5, -87.0, -92.0, -95.0, -86.08333333333333, -80.61111111111111, -79.89473684210526, -80.95, -81.27586206896552, -85.88888888888889, -81.10526315789474, -80.45454545454545, -88.0, -89.2, -87.33333333333333, -81.78947368421052, -89.5, -79.76923076923077, -86.0, -90.0, -84.5, -91.0, -81.44444444444444, -88.44444444444444, -83.92857142857143, -86.54545454545455, -83.05555555555556, -90.5, -92.0, -95.0, -87.5, -94.0, -91.0, -80.07692307692308, -92.0, -81.9375, -92.0, -90.0, -92.0, -85.5, -87.25, -95.0, -86.0, -78.0, -85.0, -80.0, -84.77777777777777, -56.0, -88.0, -63.0, -88.0, -88.0, -81.0, -84.0, -79.0, -83.0, -83.0], [-55.34444444444444, -55.17977528089887, -77.52564102564102, -78.02380952380952, -74.61224489795919, -74.53061224489795, -61.94444444444444, -62.01111111111111, -73.94444444444444, -73.76666666666667, -88.625, -92.16666666666667, -86.13333333333334, -85.14492753623189, -85.29411764705883, -86.6, -85.48484848484848, -85.15686274509804, -91.0, -82.48148148148148, -91.45, -90.3076923076923, -78.71428571428571, -82.93939393939394, -82.36363636363636, -91.5, -80.20588235294117, -90.71428571428571, -93.0, -91.0, -94.0, -86.61538461538461, -92.11111111111111, -85.1, -91.71428571428571, -91.5, -87.57142857142857, -77.88888888888889, -94.0, -91.33333333333333, -87.6, -83.08333333333333, -95.0, -91.0, -86.14285714285714, -84.2, -89.33333333333333, -95.0, -91.0, -85.4, -90.0, -86.0, -86.41666666666667, -87.0, -87.0, -85.0, -84.5, -83.47619047619048, -86.0, -84.0, -80.75, -84.0, -88.0, -86.66666666666667, -82.0, -85.0, -83.0, -89.0, -84.0]], "edges": [[7, 12, 30.00223732441019], [12, 6, 13.09551590805664], [3, 0, 32.97200970007083], [4, 0, 37.802483191317656], [1, 7, 33.89150301557078], [5, 12, 29.355875644532087], [11, 7, 25.688857896161146], [14, 5, 45.276887766538046], [7, 5, 15.23435606364766], [1, 10, 9.594328244743442], [5, 15, 8.437199385705066], [16, 8, 13.026873014245359], [16, 9, 19.961592830177455], [10, 6, 42.85237274466417], [6, 14, 30.409759692638865], [16, 13, 30.740563503850368], [4, 9, 42.6744398369462], [8, 4, 14.179325315126851], [8, 9, 30.412896601667356], [12, 5, 29.355875644532087], [0, 16, 11.647917460581766], [8, 11, 29.96070948344693], [16, 0, 11.647917460581766], [11, 16, 17.544041113992904], [5, 1, 18.97721970292244], [14, 6, 30.409759692638865], [15, 5, 8.437199385705066], [2, 7, 39.456623874115216], [12, 7, 30.00223732441019], [14, 12, 17.37047130393272], [11, 0, 12.93177984062132], [15, 1, 10.641144238334784], [9, 4, 42.6744398369462], [3, 13, 10.538066111436613], [0, 9, 10.207957598003155], [13, 16, 30.740563503850368], [7, 15, 23.257754980580952], [15, 10, 20.235452643451833], [8, 16, 13.026873014245359], [14, 2, 7.920644164443444], [12, 2, 9.45726950557322], [11, 4, 44.09471810371686], [9, 11, 21.57038917452094], [0, 11, 12.93177984062132], [3, 11, 44.333287838403926], [3, 9, 22.9555170827993], [10, 15, 20.235452643451833], [10, 1, 9.594328244743442], [9, 13, 12.425039496030598], [6, 15, 25.11996885556099], [2, 14, 7.920644164443444], [11, 3, 44.333287838403926], [7, 2, 39.456623874115216], [5, 2, 37.960956996541846], [1, 15, 10.641144238334784], [6, 12, 13.09551590805664], [0, 13, 22.510354983581113], [9, 8, 30.412896601667356], [6, 7, 17.085014496746677], [3, 16, 40.45254836971908], [16, 4, 27.14376349557192], [16, 11, 17.544041113992904], [7, 1, 33.89150301557078], [6, 5, 17.98396701286904], [9, 16, 19.961592830177455], [13, 3, 10.538066111436613], [7, 10, 43.481588077793916], [6, 10, 42.85237274466417], [7, 11, 25.688857896161146], [6, 1, 34.09265782927313], [7, 14, 47.37269568862083], [10, 5, 28.546385081604388], [2, 5, 37.960956996541846], [12, 14, 17.37047130393272], [11, 8, 29.96070948344693], [11, 13, 33.8220071925276], [6, 2, 22.52750669504142], [5, 14, 45.276887766538046], [1, 6, 34.09265782927313], [15, 6, 25.11996885556099], [5, 10, 28.546385081604388], [1, 5, 18.97721970292244], [15, 7, 23.257754980580952], [8, 0, 24.124487864783017], [16, 3, 40.45254836971908], [4, 8, 14.179325315126851], [13, 11, 33.8220071925276], [0, 8, 24.124487864783017], [7, 6, 17.085014496746677], [9, 0, 10.207957598003155], [14, 7, 47.37269568862083], [0, 4, 37.802483191317656], [4, 11, 44.09471810371686], [5, 6, 17.98396701286904], [2, 6, 22.52750669504142], [9, 3, 22.9555170827993], [13, 0, 22.510354983581113], [11, 9, 21.57038917452094], [5, 7, 15.23435606364766], [2, 12, 9.45726950557322], [10, 7, 43.481588077793916], [4, 16, 27.14376349557192], [13, 9, 12.425039496030598], [0, 3, 32.97200970007083]]}