{"rp_ids": ["rp_0", "rp_1", "rp_2", "rp_3", "rp_4", "rp_5", "rp_6", "rp_7", "rp_8", "rp_9", "rp_10", "rp_11", "rp_12", "rp_13", "rp_14", "rp_15", "rp_16"], "coords": [[34.76396808575126, -5.683220736818451], [-43.71903034949225, 15.92357788407909], [5.549788310481745, -64.45332522969693], [-6.1385479217364445, 13.847286365048934], [-57.61466168955849, -28.44412523228675], [13.15380565760007, 3.5500973972774457], [-31.47040180852055, 29.5797953869126], [32.99885004065179, -25.753761953866945], [-27.776711688087744, -47.2032252298668], [35.38833797863135, -15.473683434598628], [-21.012922772662204, 21.37645458822827], [16.89035661992461, -53.29675434167601], [-58.930770345142136, -11.272585792600044], [25.3129092778287, -2.527775522595381], [-10.045478357023361, -55.57089189408968], [-40.99728164265192, 23.514290084751945], [-37.4669116890891, -40.35752522666007]], "ap_ids": [[98, 99, 117, 118, 127, 128, 132, 138, 139, 479, 496, 511, 62, 77, 78, 131, 449, 428, 502, 234, 248, 517, 501, 232, 495, 516, 87, 236, 61, 233, 229, 456, 489, 506, 70, 74, 69, 473, 478, 85, 84, 144, 453, 73, 83, 230, 237, 480, 11, 82, 65, 66, 59, 430, 218, 216], [11, 12, 61, 62, 63, 64, 65, 66, 73, 74, 77, 78, 114, 121, 131, 132, 277, 478, 486, 503, 98, 122, 496, 501, 502, 516, 517, 70, 204, 108, 113, 69, 87, 68, 432, 127, 389, 495, 107, 332, 248, 85, 117, 118, 67, 84, 60, 97, 128, 144, 83, 274, 82, 176], [61, 62, 63, 64, 65, 66, 67, 68, 69, 73, 74, 77, 78, 82, 83, 87, 117, 118, 279, 335, 391, 486, 517, 84, 132, 144, 145, 439, 479, 502, 428, 496, 277, 456, 12, 85, 131, 332, 70, 249, 230, 232, 248, 460, 11, 476], [61, 65, 66, 82, 83, 85, 96, 97, 117, 118, 122, 131, 132, 144, 145, 489, 496, 517, 11, 12, 62, 69, 84, 121, 478, 502, 63, 74, 77, 78, 87, 70, 73, 332, 248, 64, 249, 277, 389, 484, 60, 503, 128, 98, 99, 203, 127, 495, 196, 461, 59, 139, 418], [61, 62, 64, 65, 66, 69, 70, 73, 77, 78, 82, 83, 84, 85, 87, 97, 131, 188, 277, 332, 484, 495, 63, 74, 249, 260, 286, 315, 389, 496, 517, 189, 371, 372, 386, 501, 516, 12, 96, 98, 121, 138, 144, 391, 502, 274, 99, 122, 132, 11, 145, 489, 369, 60, 59, 118, 439, 394, 128, 398, 127, 67, 187, 335, 342, 139], [65, 77, 78, 97, 99, 117, 118, 132, 248, 489, 496, 502, 511, 517, 61, 62, 98, 127, 131, 481, 128, 63, 64, 66, 87, 277, 69, 70, 83, 145, 85, 73, 74, 495, 501, 59, 60, 84, 478, 516, 96, 389, 332, 82, 486, 144, 138, 68, 483, 139, 67, 484, 12, 122, 121, 11, 418], [11, 12, 61, 62, 65, 66, 77, 113, 114, 121, 122, 131, 132, 478, 496, 502, 503, 517, 78, 203, 115, 144, 204, 145, 117, 118, 116, 486, 73, 141, 107, 177, 63, 64, 248, 146, 147, 70, 82, 180, 181, 108, 489, 389, 176, 74, 84, 332, 83, 157, 418, 484, 68], [98, 117, 118, 127, 128, 248, 480, 501, 502, 511, 69, 70, 78, 82, 83, 229, 428, 479, 59, 60, 77, 99, 234, 496, 516, 61, 62, 131, 418, 495, 435, 449, 456, 73, 84, 85, 87, 145, 503, 517, 484, 144, 132, 233, 12, 74, 232, 332, 439, 455, 512, 389, 453, 11, 489, 5, 518, 471, 121, 122, 237, 436, 277, 504, 473, 486, 97, 64, 65, 66, 96, 478, 63], [61, 62, 64, 65, 66, 69, 84, 85, 87, 99, 131, 132, 145, 248, 249, 484, 502, 12, 63, 77, 78, 82, 83, 97, 98, 144, 200, 277, 332, 496, 517, 74, 118, 489, 335, 501, 516, 11, 139, 389, 73, 70, 117, 128], [62, 98, 99, 117, 118, 127, 128, 131, 132, 233, 248, 496, 511, 517, 139, 230, 232, 234, 428, 449, 479, 69, 70, 78, 456, 77, 277, 502, 138, 229, 145, 389, 61, 59, 60, 85, 332, 436, 237, 467, 84, 484, 235, 465, 236, 73, 74, 83, 501, 495, 418, 516, 87, 218, 455, 472, 504, 5, 82, 12, 216, 453, 506, 489, 473, 480, 11, 478], [11, 12, 61, 62, 66, 117, 118, 121, 122, 131, 132, 144, 478, 496, 502, 65, 83, 204, 517, 63, 64, 69, 70, 73, 74, 77, 78, 82, 84, 85, 87, 248, 332, 389, 145, 277, 484, 489, 503, 114, 113, 203, 60, 59, 249, 97, 495, 501, 96, 486, 18, 418, 108, 509, 67], [59, 60, 61, 62, 64, 65, 66, 69, 70, 74, 77, 78, 82, 83, 84, 85, 87, 118, 144, 145, 332, 502, 517, 12, 68, 73, 229, 277, 428, 456, 478, 63, 117, 249, 389, 460, 479, 486, 391, 496, 11, 67, 495, 131, 248, 132, 121], [59, 60, 61, 62, 63, 64, 65, 66, 67, 69, 70, 77, 78, 87, 127, 284, 371, 489, 496, 74, 117, 118, 258, 277, 282, 315, 332, 369, 394, 495, 502, 516, 517, 338, 389, 484, 82, 83, 109, 132, 260, 478, 107, 114, 261, 329, 73, 340, 110, 372, 84, 248, 386, 68], [61, 62, 69, 98, 99, 117, 118, 127, 128, 131, 132, 248, 481, 489, 496, 501, 511, 516, 517, 65, 66, 77, 495, 502, 78, 139, 70, 138, 84, 85, 87, 144, 145, 277, 332, 82, 83, 64, 389, 121, 73, 74, 484, 63, 483, 432, 478, 59, 96, 97, 479, 486, 60, 11, 12, 234, 456], [11, 61, 62, 63, 64, 65, 66, 70, 73, 74, 77, 78, 84, 87, 96, 97, 132, 144, 145, 277, 335, 486, 496, 516, 517, 82, 248, 249, 489, 502, 67, 68, 69, 85, 131, 279, 332, 12, 83, 128, 484, 495, 501, 391, 118, 389, 59], [11, 12, 62, 65, 66, 77, 78, 107, 121, 122, 131, 132, 478, 496, 502, 503, 517, 108, 113, 114, 144, 145, 96, 486, 117, 248, 61, 116, 177, 63, 73, 115, 389, 140], [11, 12, 61, 62, 63, 64, 66, 77, 78, 82, 83, 87, 96, 97, 117, 128, 144, 145, 332, 484, 489, 495, 496, 501, 502, 60, 65, 69, 70, 73, 74, 84, 85, 121, 127, 138, 249, 389, 391, 516, 517, 131, 132, 118, 277, 398]], "rssi": [[-72.02247191011236, -72.23595505617978, -53.831460674157306, -53.89887640449438, -74.0, -74.0561797752809, -83.26760563380282, -88.2125, -88.325, -88.53333333333333, -69.9047619047619, -85.48314606741573, -88.65, -87.84, -88.78571428571429, -82.04225352112677, -89.5, -88.82608695652173, -71.01515151515152, -77.66666666666667, -82.82692307692308, -70.35483870967742, -77.17543859649123, -90.82352941176471, -77.18181818181819, -76.71698113207547, -91.15384615384616, -89.36363636363636, -87.88461538461539, -89.0, -95.0, -82.6, -83.06666666666666, -88.57142857142857, -89.63636363636364, -88.35714285714286, -87.53846153846153, -89.0, -87.57142857142857, -84.88235294117646, -87.44444444444444, -85.0, -85.0, -88.6, -85.0, -92.0, -86.0, -86.0, -90.0, -85.0, -90.0, -95.0, -90.0, -86.0, -92.0, -84.8], [-84.02325581395348, -85.58490566037736, -89.58730158730158, -88.796875, -89.65384615384616, -89.5, -88.12307692307692, -88.9375, -89.62162162162163, -88.65116279069767, -84.38461538461539, -83.92063492063492, -91.48, -84.76, -69.28571428571429, -69.2, -90.5, -76.6, -90.66666666666667, -84.984375, -94.0, -82.82222222222222, -85.90196078431373, -90.0, -85.90566037735849, -88.53333333333333, -85.94117647058823, -90.85714285714286, -95.0, -88.0, -91.07407407407408, -89.57142857142857, -92.21428571428571, -87.875, -94.5, -88.5, -89.0, -89.25, -89.75, -89.28571428571429, -87.625, -90.26315789473684, -90.0, -88.8, -88.66666666666667, -87.13333333333334, -89.0, -89.0, -88.0, -89.0, -89.6, -91.0, -89.0, -88.0], [-46.65, -49.5, -83.21875, -83.42424242424242, -64.975, -64.85, -83.7, -82.95833333333333, -87.9, -63.75, -63.375, -82.03333333333333, -80.53333333333333, -84.46153846153847, -85.0, -78.63636363636364, -77.6, -79.85714285714286, -84.05, -84.0, -85.125, -77.63157894736842, -81.78947368421052, -89.5, -88.45454545454545, -82.8, -84.08, -84.0, -89.0, -82.5, -86.71428571428571, -81.76923076923077, -88.0, -84.2, -89.0, -87.2, -87.88888888888889, -86.0, -85.5, -87.6, -89.66666666666667, -90.2, -87.75, -90.0, -89.5, -86.0], [-87.09923664122137, -86.9298245614035, -87.7983193277311, -80.52222222222223, -80.13636363636364, -83.14406779661017, -86.0, -87.69565217391305, -74.9618320610687, -75.5925925925926, -89.18367346938776, -71.72463768115942, -71.41605839416059, -86.23076923076923, -91.33333333333333, -79.83908045977012, -50.52205882352941, -51.63565891472868, -80.54761904761905, -85.75, -87.44881889763779, -87.22105263157894, -83.51851851851852, -88.96774193548387, -79.80314960629921, -50.37984496124031, -88.74747474747475, -87.88059701492537, -83.07766990291262, -83.14150943396227, -90.1038961038961, -87.8076923076923, -86.59016393442623, -87.61538461538461, -83.38461538461539, -88.23863636363636, -92.25, -87.08333333333333, -86.86111111111111, -93.3695652173913, -88.52380952380952, -94.5, -94.0, -95.0, -89.625, -95.0, -89.8, -93.0, -93.66666666666667, -90.7, -86.6923076923077, -87.0, -90.71428571428571], [-72.5, -72.275, -83.70833333333333, -83.46666666666667, -84.42424242424242, -68.55, -68.525, -85.46153846153847, -45.975, -48.725, -62.525, -61.85, -81.04, -80.54545454545455, -75.325, -85.83333333333333, -83.0, -85.0, -84.94444444444444, -83.0, -65.875, -83.46153846153847, -85.08, -86.2, -84.8, -87.57142857142857, -86.0, -89.0, -85.0, -77.15789473684211, -79.61538461538461, -84.85714285714286, -87.5, -88.5, -90.0, -84.66666666666667, -85.16666666666667, -83.66666666666667, -84.83333333333333, -89.0, -89.0, -87.33333333333333, -83.0, -85.0, -77.83333333333333, -90.0, -86.0, -90.0, -85.8, -86.2, -83.33333333333333, -86.44444444444444, -88.0, -83.33333333333333, -85.5, -87.66666666666667, -90.0, -89.2, -88.5, -89.0, -86.33333333333333, -86.0, -82.0, -86.0, -88.0, -88.0], [-81.66867469879519, -84.83636363636364, -86.28571428571429, -88.12820512820512, -88.65168539325843, -67.80337078651685, -67.82584269662921, -79.85975609756098, -81.6086956521739, -70.58024691358025, -55.86363636363637, -56.56441717791411, -91.2258064516129, -56.102409638554214, -84.70779220779221, -85.18181818181819, -87.96470588235294, -86.87628865979381, -80.17791411042944, -88.375, -86.55813953488372, -85.47272727272727, -84.87272727272727, -81.80981595092024, -88.05555555555556, -85.64516129032258, -88.40697674418605, -88.12903225806451, -84.43859649122807, -89.9375, -86.42, -87.75510204081633, -88.93137254901961, -84.21052631578948, -84.7125, -90.83333333333333, -89.94117647058823, -86.94, -86.35135135135135, -84.1842105263158, -90.1, -86.3157894736842, -85.65151515151516, -84.3409090909091, -88.33333333333333, -90.42857142857143, -89.75, -95.0, -84.63157894736842, -87.25, -84.0, -93.47058823529412, -87.8, -90.0, -89.5, -86.0, -90.0], [-77.67955801104972, -77.72571428571429, -90.57142857142857, -91.41176470588235, -89.61290322580645, -90.48611111111111, -83.57522123893806, -82.72142857142858, -82.32374100719424, -71.75135135135135, -71.3879781420765, -57.655913978494624, -57.704301075268816, -61.51086956521739, -76.94039735099338, -77.31386861313868, -77.37106918238993, -78.05035971223022, -83.71304347826087, -86.08163265306122, -88.82352941176471, -89.15517241379311, -86.89393939393939, -89.35443037974683, -83.125, -85.20754716981132, -91.23529411764706, -90.0, -91.33333333333333, -88.3076923076923, -86.73333333333333, -89.52941176470588, -93.0, -92.33333333333333, -85.56363636363636, -93.625, -93.0, -93.0, -95.0, -93.0, -94.0, -86.3076923076923, -94.0, -94.5, -87.47826086956522, -90.5, -88.0, -87.9, -90.0, -93.0, -90.5, -95.0, -86.0], [-87.38775510204081, -76.17021276595744, -76.46896551724137, -85.8048780487805, -85.59036144578313, -86.35064935064935, -90.5, -87.41935483870968, -85.8735632183908, -91.54545454545455, -88.7439024390244, -88.79012345679013, -86.53333333333333, -85.8695652173913, -85.57142857142857, -91.82857142857142, -87.68478260869566, -89.35051546391753, -87.83870967741936, -88.05555555555556, -86.25510204081633, -87.72727272727273, -92.25, -85.5, -88.93103448275862, -87.65882352941176, -87.27380952380952, -89.45454545454545, -91.42307692307692, -89.83870967741936, -93.10526315789474, -93.5, -87.6829268292683, -88.83870967741936, -86.95081967213115, -86.96774193548387, -90.53932584269663, -90.45238095238095, -90.4, -84.4927536231884, -87.5945945945946, -89.69444444444444, -89.27272727272727, -92.75, -88.66666666666667, -89.25, -95.0, -88.81818181818181, -90.55555555555556, -87.1, -94.33333333333333, -88.0, -93.0, -86.41666666666667, -87.45833333333333, -95.0, -93.0, -94.0, -93.0, -86.125, -94.5, -95.0, -86.33333333333333, -88.55555555555556, -94.0, -87.0, -88.34615384615384, -92.5, -85.28571428571429, -91.26315789473684, -87.9, -88.0, -88.72727272727273], [-75.28571428571429, -75.64285714285714, -85.1, -84.78571428571429, -85.53846153846153, -86.875, -81.92307692307692, -82.0, -75.64285714285714, -90.0, -85.0, -86.0, -86.46153846153847, -82.5, -85.5, -78.84615384615384, -79.25, -84.0, -78.0, -77.07692307692308, -79.6923076923077, -84.0, -84.5, -88.5, -88.5, -85.11111111111111, -89.0, -81.16666666666667, -80.83333333333333, -78.66666666666667, -78.0, -87.6, -88.0, -80.33333333333333, -89.0, -87.33333333333333, -89.0, -85.66666666666667, -88.0, -82.0, -86.5, -83.0, -85.0, -88.0], [-84.33333333333333, -78.65289256198348, -78.72950819672131, -59.91935483870968, -59.71774193548387, -79.14285714285714, -79.18852459016394, -87.01923076923077, -85.92727272727272, -87.66666666666667, -83.86153846153846, -78.69354838709677, -89.94594594594595, -79.80952380952381, -90.03174603174604, -91.56666666666666, -92.78048780487805, -91.59649122807018, -89.109375, -90.11320754716981, -84.93913043478261, -88.86363636363636, -89.48936170212765, -87.27272727272727, -83.85185185185185, -86.6140350877193, -95.0, -79.8225806451613, -90.31818181818181, -93.625, -90.5, -88.23076923076923, -84.8, -95.0, -87.66666666666667, -87.61111111111111, -93.0, -95.0, -90.82608695652173, -86.25, -86.73684210526316, -91.0, -91.27272727272727, -86.05405405405405, -86.82352941176471, -90.0, -92.25, -86.73913043478261, -83.4, -83.53333333333333, -90.33333333333333, -83.5, -93.25, -89.07142857142857, -87.0, -92.0, -87.6, -91.46153846153847, -86.71428571428571, -90.0, -89.0, -87.33333333333333, -86.0, -87.8, -86.55555555555556, -92.0, -87.0, -89.0], [-78.09722222222223, -77.99530516431925, -89.1842105263158, -89.54973821989529, -87.8905472636816, -80.32402234636872, -80.2, -76.5964125560538, -76.98230088495575, -62.52173913043478, -62.35526315789474, -85.33082706766918, -73.47058823529412, -65.50909090909092, -65.31372549019608, -87.23783783783784, -84.5079365079365, -86.06666666666666, -65.15075376884423, -88.73737373737374, -88.75700934579439, -88.28767123287672, -89.79761904761905, -89.20430107526882, -88.61616161616162, -86.2248062015504, -86.28571428571429, -84.80645161290323, -86.3103448275862, -86.7948717948718, -90.34615384615384, -85.81720430107526, -88.07894736842105, -87.83720930232558, -85.6046511627907, -87.76666666666667, -92.6842105263158, -87.82608695652173, -84.86065573770492, -88.64814814814815, -89.875, -87.4054054054054, -91.57142857142857, -93.0, -94.0, -89.5, -91.0, -93.0, -88.42857142857143, -88.15789473684211, -89.0, -91.0, -89.0, -87.0, -92.0], [-84.5, -86.375, -70.18518518518519, -72.11111111111111, -87.88235294117646, -81.43478260869566, -79.83333333333333, -85.125, -83.1, -82.53846153846153, -80.26666666666667, -80.23076923076923, -85.91666666666667, -82.54545454545455, -78.55555555555556, -83.5625, -85.54545454545455, -86.33333333333333, -83.57142857142857, -82.18181818181819, -79.66666666666667, -84.23529411764706, -83.77777777777777, -84.5, -86.8, -81.5, -89.33333333333333, -79.76470588235294, -84.8, -85.0, -87.33333333333333, -86.0, -84.83333333333333, -88.0, -82.0625, -86.0, -87.84615384615384, -85.71428571428571, -88.0, -84.66666666666667, -89.0, -83.0, -89.0, -86.57142857142857, -84.125, -90.0, -92.0], [-84.0, -83.0, -85.88888888888889, -85.61111111111111, -86.5, -86.14285714285714, -87.63636363636364, -88.18181818181819, -88.0, -80.41666666666667, -82.11111111111111, -69.28571428571429, -71.23809523809524, -82.63636363636364, -84.0, -88.2, -86.14285714285714, -85.5, -86.0625, -86.6, -85.75, -84.5, -89.0, -82.33333333333333, -84.8, -87.33333333333333, -81.63636363636364, -88.0, -88.0, -88.0, -85.0, -89.66666666666667, -85.1, -87.61538461538461, -82.0, -87.0, -84.6, -83.0, -92.0, -87.6, -85.5, -82.0, -87.5, -90.0, -90.0, -87.42857142857143, -86.5, -84.71428571428571, -92.0, -88.0, -87.33333333333333, -83.0, -86.0, -83.0], [-89.10144927536231, -87.52173913043478, -88.58823529411765, -79.94791666666667, -79.72020725388602, -61.01960784313726, -60.911764705882355, -79.31016042780749, -79.4812834224599, -81.60215053763442, -81.56914893617021, -80.98290598290598, -88.8936170212766, -80.00952380952381, -68.0372340425532, -73.18461538461538, -84.445, -73.76744186046511, -67.34507042253522, -89.29896907216495, -89.55645161290323, -86.0, -72.82170542635659, -67.8076923076923, -85.73282442748092, -88.25688073394495, -87.79545454545455, -88.33333333333333, -86.72413793103448, -85.578125, -91.84, -87.09375, -87.1304347826087, -86.19354838709677, -87.12, -85.075, -84.35, -91.23076923076923, -87.94871794871794, -95.0, -90.37142857142857, -90.33333333333333, -94.0, -90.42857142857143, -82.38095238095238, -95.0, -88.25, -92.33333333333333, -90.75, -90.5, -90.14285714285714, -87.0, -87.42857142857143, -89.33333333333333, -85.375, -93.28571428571429, -85.0], [-82.0, -50.93333333333333, -52.733333333333334, -82.42307692307692, -82.21739130434783, -75.73333333333333, -75.36666666666666, -84.14285714285714, -75.73333333333333, -75.06666666666666, -72.83333333333333, -74.03333333333333, -84.4, -78.60714285714286, -86.0, -88.66666666666667, -85.5, -82.78947368421052, -83.20833333333333, -84.18181818181819, -83.71428571428571, -84.04, -78.76470588235294, -83.66666666666667, -79.3125, -87.0, -84.0, -86.17647058823529, -86.6923076923077, -81.07692307692308, -83.5, -83.8, -84.8, -84.125, -85.44444444444444, -82.85714285714286, -84.73333333333333, -81.77777777777777, -86.33333333333333, -85.0, -82.0, -82.875, -83.0909090909091, -84.44444444444444, -86.0, -83.54545454545455, -88.0], [-78.57142857142857, -77.64285714285714, -93.14285714285714, -91.88888888888889, -91.88888888888889, -90.45454545454545, -90.15384615384616, -92.16666666666667, -85.06896551724138, -84.0, -62.6, -62.86666666666667, -59.206896551724135, -86.0, -87.85714285714286, -73.2, -88.16666666666667, -91.25, -77.68181818181819, -75.71428571428571, -93.0, -92.14285714285714, -95.0, -95.0, -91.0, -91.0, -91.6, -93.2, -94.0, -93.0, -95.0, -95.0, -95.0, -93.0], [-84.66666666666667, -83.2, -65.4, -64.3, -78.75, -81.33333333333333, -86.0, -61.0, -64.3, -81.57142857142857, -81.55555555555556, -77.2, -86.0, -85.5, -86.0, -86.0, -82.5, -81.6, -79.66666666666667, -65.2, -88.0, -82.44444444444444, -74.0, -83.8, -76.25, -84.0, -85.625, -81.625, -81.22222222222223, -79.0, -81.0, -84.0, -85.0, -89.0, -84.0, -86.0, -86.0, -84.0, -85.0, -83.8, -72.33333333333333, -84.0, -85.75, -86.0, -82.0, -88.0]], "edges": [[0, 3, 45.32611304092686], [15, 10, 20.098381528240857], [6, 12, 49.22386502707072], [16, 4, 23.406429234450698], [12, 8, 47.556137576321895], [1, 12, 31.16132783473734], [8, 16, 11.864383026239137], [3, 0, 45.32611304092686], [11, 8, 45.08079511575975], [15, 3, 36.174331749770325], [10, 3, 16.67139470286713], [2, 11, 15.908411723380048], [10, 15, 20.098381528240857], [9, 0, 9.810351553321635], [16, 2, 49.30561891548903], [14, 7, 52.36292051708948], [3, 15, 36.174331749770325], [4, 15, 54.55102420561149], [14, 16, 31.358914702881286], [6, 10, 13.29111237048185], [8, 11, 45.08079511575975], [9, 11, 42.10415664977587], [0, 7, 20.14800899489521], [5, 13, 13.593540380547683], [11, 14, 27.031664904564643], [4, 8, 35.24495840555747], [8, 2, 37.52627815489822], [1, 4, 46.492812887165805], [3, 5, 21.868402028226324], [1, 10, 23.351684856584367], [14, 8, 19.606490783518485], [5, 0, 23.50006987088552], [16, 14, 31.358914702881286], [2, 16, 49.30561891548903], [3, 13, 35.45894544117549], [15, 1, 8.063921362254888], [12, 15, 39.13740857988221], [8, 12, 47.556137576321895], [11, 2, 15.908411723380048], [13, 0, 9.963902201987624], [16, 12, 36.147350252680525], [15, 12, 39.13740857988221], [6, 1, 18.344513556358013], [4, 16, 23.406429234450698], [10, 5, 38.537570529635836], [13, 9, 16.404596769534628], [8, 14, 19.606490783518485], [11, 7, 31.90767916913605], [5, 7, 35.391269536948585], [2, 7, 47.44583424924315], [9, 5, 29.262239570378753], [1, 6, 18.344513556358013], [12, 1, 31.16132783473734], [5, 10, 38.537570529635836], [2, 8, 37.52627815489822], [5, 3, 21.868402028226324], [13, 7, 24.46467108128038], [14, 11, 27.031664904564643], [3, 6, 29.81970257169579], [1, 15, 8.063921362254888], [12, 6, 49.22386502707072], [6, 3, 29.81970257169579], [10, 6, 13.29111237048185], [7, 5, 35.391269536948585], [14, 2, 17.947422221369365], [5, 9, 29.262239570378753], [6, 15, 11.293883032177995], [9, 7, 10.554130327415503], [15, 4, 54.55102420561149], [7, 14, 52.36292051708948], [1, 3, 37.63779544520188], [13, 3, 35.45894544117549], [12, 16, 36.147350252680525], [2, 14, 17.947422221369365], [11, 9, 42.10415664977587], [13, 5, 13.593540380547683], [12, 4, 17.221902006515375], [0, 9, 9.810351553321635], [7, 11, 31.90767916913605], [16, 8, 11.864383026239137], [0, 5, 23.50006987088552], [7, 13, 24.46467108128038], [15, 6, 11.293883032177995], [4, 1, 46.492812887165805], [8, 4, 35.24495840555747], [4, 12, 17.221902006515375], [7, 9, 10.554130327415503], [9, 13, 16.404596769534628], [3, 1, 37.63779544520188], [10, 1, 23.351684856584367], [7, 0, 20.14800899489521], [3, 10, 16.67139470286713], [7, 2, 47.44583424924315], [0, 13, 9.963902201987624]]}