{"rp_ids": ["rp_0", "rp_1", "rp_2", "rp_3", "rp_4", "rp_5", "rp_6", "rp_7", "rp_8", "rp_9", "rp_10", "rp_11", "rp_12", "rp_13", "rp_14", "rp_15", "rp_16", "rp_17", "rp_18"], "coords": [[-8.448274784855899, 22.1502077124276], [-13.443011167064395, -50.43293701549422], [36.31790434907334, -18.94467135092102], [-55.05015431880929, -11.270919527113438], [-38.60438895467258, 21.68966470673606], [17.208275441556022, -54.62361743472315], [16.408594221230928, 7.891516340635717], [-33.557180279642125, -36.196484595537186], [39.58973101175383, -6.578442596478165], [-24.907776945978185, 29.91529751279288], [28.308550395749904, 1.9183170631762565], [-24.609175406653808, 41.517217808183325], [0.9912421986907968, 18.20596863856757], [-45.55783027946927, -29.538534596562386], [-18.029343456116067, -45.45370939692172], [-14.792090202203987, 27.432345409284938], [-41.07430953882613, -43.28168075531721], [0.10781971946380509, -54.87363459914923], [-3.3863371323685505, 27.322482377556817]], "ap_ids": [[73, 77, 78, 96, 98, 99, 121, 122, 496, 517, 59, 60, 61, 62, 63, 64, 69, 70, 84, 85, 97, 131, 132, 203, 204, 489, 502, 503, 82, 83, 145, 74, 87, 277, 495, 501, 516, 332, 66, 65, 389, 484, 248, 11, 478, 493, 499, 514, 486, 67, 68, 117, 12, 118], [64, 65, 66, 67, 68, 69, 70, 73, 74, 82, 87, 277, 332, 335, 389, 486, 489, 495, 496, 501, 502, 516, 517, 61, 62, 77, 83, 84, 85, 96, 97, 131, 144, 145, 12, 59, 60, 63, 117, 118, 127, 132, 138, 248, 249, 78, 98, 99, 139, 279, 391, 439, 11, 121, 122, 128, 484, 460, 511], [70, 73, 74, 78, 98, 99, 117, 118, 332, 479, 486, 489, 495, 501, 516, 456, 504, 69, 248, 418, 428, 65, 77, 234, 277, 389, 496, 502, 511, 517, 232, 59, 230, 87, 132, 96, 97, 82, 83, 484, 455, 61, 62, 84, 60, 85, 145, 235, 127, 237, 63, 64, 67, 68, 138, 233, 449, 453, 128, 236, 473, 139, 11, 12, 131, 480, 144, 506, 229, 422, 121, 66, 122, 478, 432, 465, 440, 461, 472, 509], [59, 60, 69, 70, 77, 260, 261, 274, 282, 315, 329, 338, 371, 372, 386, 394, 63, 64, 67, 73, 74, 78, 82, 83, 85, 87, 117, 118, 121, 122, 277, 332, 369, 389, 496, 502, 517, 61, 62, 65, 66, 484, 111, 112, 186, 187, 189, 258, 316, 486, 68, 109, 110, 340, 495, 516, 127, 84, 96, 97, 396, 188, 164, 165, 313, 284, 128, 501, 503, 98, 99], [70, 108, 113, 114, 121, 122, 131, 132, 203, 204, 478, 502, 503, 176, 177, 277, 61, 62, 65, 66, 69, 77, 78, 496, 107, 98, 99, 389, 63, 74, 517, 371, 394, 64, 87, 332, 96, 489, 432, 73, 495, 501, 516, 60, 115, 97, 59, 118, 248, 12, 117, 116, 140, 141, 146, 486, 493, 498, 499, 513, 514, 11, 82, 138, 232, 234, 418, 453, 456, 461, 479, 480, 504, 506, 68, 84, 67, 282, 85, 313, 372, 316, 83, 128, 127, 338, 315, 329, 386], [61, 62, 65, 66, 67, 68, 70, 73, 74, 229, 277, 332, 389, 428, 439, 455, 456, 460, 479, 486, 508, 69, 87, 98, 99, 496, 517, 199, 59, 60, 78, 82, 83, 12, 77, 84, 85, 131, 132, 144, 248, 502, 516, 63, 64, 214, 279, 335, 391, 461, 473, 512, 11, 145, 97, 118, 249, 489, 495, 96, 117, 127, 501, 237, 234, 230, 518, 424, 484], [59, 60, 61, 62, 64, 66, 73, 74, 78, 96, 97, 98, 99, 117, 118, 121, 122, 489, 496, 502, 516, 517, 248, 63, 65, 69, 70, 77, 87, 389, 501, 83, 495, 277, 84, 85, 332, 67, 68, 82, 503, 484, 12, 11, 131, 132, 486, 144, 145, 203, 127, 481, 483, 493, 499, 514, 479, 492, 498, 513, 461, 138, 430, 128, 249, 139], [11, 12, 59, 60, 61, 62, 63, 64, 65, 66, 67, 69, 70, 73, 74, 84, 85, 87, 117, 118, 121, 122, 127, 131, 132, 138, 144, 249, 277, 332, 389, 484, 489, 495, 496, 501, 502, 516, 517, 68, 77, 78, 82, 83, 96, 97, 128, 145, 486, 98, 511, 99], [73, 74, 78, 98, 99, 117, 118, 122, 495, 501, 516, 69, 70, 77, 479, 66, 84, 85, 87, 121, 489, 496, 511, 465, 467, 473, 127, 218, 230, 248, 428, 68, 82, 277, 332, 389, 128, 236, 234, 139, 83, 503, 502, 233, 418, 486, 517, 62, 229, 138, 232, 11, 61, 456, 96, 97, 64, 65, 63, 145, 422, 455, 480, 237, 449, 453, 504, 67, 231, 484, 59, 461, 492, 498, 513, 60, 505, 235, 250, 216, 144, 440], [78, 96, 97, 98, 99, 121, 122, 131, 132, 203, 204, 478, 502, 503, 62, 74, 113, 114, 389, 69, 70, 11, 12, 61, 63, 64, 65, 66, 87, 277, 332, 496, 432, 59, 489, 77, 517, 73, 516, 140, 107, 495, 144, 147, 501, 248, 486, 108, 141, 146, 83, 484, 60, 67, 145, 116, 85, 84, 463, 68, 115], [62, 66, 73, 96, 97, 98, 99, 121, 122, 489, 496, 502, 516, 517, 61, 77, 78, 117, 118, 127, 495, 501, 511, 248, 70, 64, 69, 74, 82, 83, 332, 389, 277, 481, 503, 65, 84, 85, 87, 63, 59, 128, 67, 60, 145, 486, 138, 144, 139, 484, 449, 454, 477, 483, 68, 131, 132, 12, 428, 473, 479, 493, 499, 514, 492, 498, 513, 249, 234, 432], [11, 12, 69, 70, 99, 121, 122, 131, 132, 203, 204, 478, 496, 503, 113, 114, 107, 108, 146, 147, 98, 502, 517, 140, 141, 248, 62, 432, 61, 418, 196, 516, 422, 97, 277, 495, 195, 461, 78, 96, 489, 501, 74, 362, 6, 77, 332, 145], [61, 62, 77, 78, 96, 98, 99, 121, 122, 132, 489, 496, 502, 503, 517, 73, 74, 84, 97, 203, 204, 248, 501, 70, 495, 60, 64, 65, 69, 85, 83, 87, 389, 59, 66, 82, 131, 277, 63, 12, 144, 516, 67, 118, 145, 332, 117, 68, 484, 493, 499, 514, 449, 492, 498, 513, 486], [59, 60, 61, 62, 65, 66, 68, 69, 70, 73, 74, 77, 78, 82, 83, 84, 85, 87, 96, 97, 117, 118, 131, 277, 315, 332, 389, 484, 486, 495, 496, 501, 502, 516, 517, 12, 132, 249, 63, 64, 98, 111, 112, 121, 122, 186, 187, 274, 316, 369, 372, 67, 128, 282, 489, 99, 144, 145, 127, 139, 391, 11, 138, 511], [11, 12, 61, 62, 63, 64, 65, 66, 67, 68, 69, 70, 73, 74, 77, 78, 82, 84, 85, 87, 96, 97, 98, 99, 117, 118, 131, 132, 138, 139, 144, 145, 249, 277, 332, 389, 486, 489, 495, 496, 501, 502, 516, 517, 59, 83, 127, 128, 248, 121, 60, 279, 286, 335, 391, 398, 484, 508, 122, 478], [98, 99, 121, 122, 131, 132, 203, 204, 489, 12, 61, 62, 77, 78, 503, 63, 65, 70, 277, 332, 389, 496, 502, 517, 66, 516, 69, 97, 11, 478, 486, 83, 87, 96, 501, 73, 64, 74, 59, 248, 84, 484, 67, 82, 85, 107, 108, 147, 60, 145, 495, 114, 144, 117], [59, 60, 65, 66, 69, 70, 73, 74, 78, 87, 131, 132, 277, 279, 286, 332, 335, 389, 391, 398, 484, 495, 496, 502, 508, 517, 77, 342, 61, 62, 82, 83, 84, 85, 96, 97, 117, 118, 315, 486, 501, 516, 63, 64, 439], [11, 12, 59, 60, 61, 62, 63, 64, 65, 66, 67, 68, 69, 70, 73, 74, 78, 82, 83, 84, 85, 87, 96, 97, 118, 121, 122, 131, 132, 144, 145, 249, 277, 332, 335, 389, 391, 486, 495, 496, 501, 502, 516, 517, 77, 117, 279, 489, 98, 99], [99, 121, 122, 248, 489, 502, 496, 517, 77, 78, 449, 96, 97, 503, 132, 62, 98, 61, 59, 60, 70, 73, 82, 83, 478, 486, 501, 131, 204, 277, 493, 495, 499, 514, 66, 69, 84, 85, 157, 332, 12, 65, 117, 74, 203, 516]], "rssi": [[-83.675, -75.43181818181819, -75.75280898876404, -77.16216216216216, -74.18032786885246, -74.95081967213115, -66.37362637362638, -66.08791208791209, -67.63636363636364, -67.72972972972973, -82.55555555555556, -84.93023255813954, -79.0, -80.3953488372093, -89.83333333333333, -86.75, -81.81944444444444, -82.84, -81.5, -82.71428571428571, -76.8082191780822, -83.3731343283582, -83.84848484848484, -84.45714285714286, -83.90625, -70.39240506329114, -67.8452380952381, -82.73076923076923, -80.18333333333334, -79.9090909090909, -86.33333333333333, -86.25714285714285, -86.4, -80.33333333333333, -84.39285714285714, -83.9090909090909, -82.64516129032258, -82.12903225806451, -86.0, -84.54545454545455, -83.20689655172414, -86.19047619047619, -81.81818181818181, -83.66666666666667, -87.75, -87.48, -88.18518518518519, -87.4074074074074, -83.3, -85.0, -85.0, -87.0, -82.0, -85.0], [-90.41666666666667, -88.38095238095238, -88.56818181818181, -80.20588235294117, -80.41463414634147, -77.58695652173913, -78.30434782608695, -64.40816326530613, -65.0204081632653, -84.6969696969697, -82.25, -73.22448979591837, -73.5625, -84.36842105263158, -73.375, -65.95918367346938, -82.61764705882354, -83.85365853658537, -74.5952380952381, -84.1590909090909, -74.41463414634147, -83.90243902439025, -75.45652173913044, -84.70833333333333, -84.77083333333333, -85.3103448275862, -85.08571428571429, -85.04761904761905, -86.84, -86.43333333333334, -87.05714285714286, -86.63333333333334, -86.29411764705883, -84.55, -86.62068965517241, -87.16666666666667, -87.52941176470588, -89.73913043478261, -81.77777777777777, -82.51428571428572, -84.625, -86.55555555555556, -92.66666666666667, -88.4375, -89.29411764705883, -85.91304347826087, -90.26666666666667, -90.6, -91.625, -85.6470588235294, -86.0625, -92.5, -86.0909090909091, -91.18181818181819, -92.6, -85.22222222222223, -91.0, -89.0, -96.0], [-82.6938775510204, -77.49193548387096, -77.42857142857143, -80.78523489932886, -64.98780487804878, -64.09756097560975, -79.73529411764706, -79.8970588235294, -84.59420289855072, -83.67058823529412, -77.62162162162163, -80.83561643835617, -76.69, -76.59836065573771, -77.03389830508475, -80.015625, -87.6923076923077, -82.3125, -81.12280701754386, -82.82089552238806, -85.76530612244898, -85.22222222222223, -81.2, -84.2439024390244, -83.17021276595744, -83.78, -81.06818181818181, -79.47560975609755, -89.94736842105263, -80.15492957746478, -86.625, -86.625, -87.45454545454545, -86.19444444444444, -84.17241379310344, -85.1875, -84.5625, -83.0, -84.78260869565217, -94.0, -85.92307692307692, -88.47368421052632, -88.82758620689656, -85.25, -85.38709677419355, -86.96428571428571, -84.33333333333333, -93.66666666666667, -89.66666666666667, -87.05882352941177, -90.0909090909091, -87.66666666666667, -86.0, -87.15384615384616, -84.33333333333333, -86.6875, -87.54545454545455, -87.25, -87.3529411764706, -85.125, -86.28571428571429, -86.25, -82.52941176470588, -81.9090909090909, -82.71428571428571, -88.0, -87.81818181818181, -89.0, -91.0, -86.625, -85.79310344827586, -85.0, -84.5, -79.0, -85.0, -84.0, -85.0, -85.0, -85.0, -85.0], [-79.54347826086956, -80.15463917525773, -63.85, -63.97, -80.8395061728395, -88.34782608695652, -89.92307692307692, -85.45, -88.6470588235294, -88.41666666666667, -85.81818181818181, -85.76470588235294, -88.83333333333333, -90.8, -86.5, -87.38888888888889, -91.32142857142857, -91.92, -88.4186046511628, -86.44444444444444, -86.45901639344262, -82.53086419753086, -87.91428571428571, -87.45454545454545, -89.0, -89.52542372881356, -88.84, -88.29166666666667, -86.6829268292683, -86.10714285714286, -79.95238095238095, -80.421875, -89.42857142857143, -79.78571428571429, -82.42857142857143, -83.1, -83.01282051282051, -90.39285714285714, -89.9090909090909, -91.23529411764706, -91.02777777777777, -89.93333333333334, -86.0, -85.5, -89.38461538461539, -90.1, -87.75, -88.72727272727273, -89.66666666666667, -89.24, -88.7560975609756, -93.33333333333333, -92.5, -89.57142857142857, -81.0, -81.0, -90.28571428571429, -89.0, -92.25, -92.66666666666667, -88.5, -85.71428571428571, -93.0, -92.0, -89.4, -88.66666666666667, -88.0, -91.0, -89.0, -97.0, -97.0], [-78.86046511627907, -87.02272727272727, -84.19444444444444, -83.31111111111112, -62.25373134328358, -61.32338308457712, -79.52702702702703, -79.12751677852349, -81.69491525423729, -80.65454545454546, -81.425, -83.30851063829788, -68.6978417266187, -93.2, -90.6, -85.2439024390244, -85.83333333333333, -85.86813186813187, -87.89795918367346, -87.59016393442623, -79.33132530120481, -86.0576923076923, -86.97916666666667, -83.64893617021276, -86.4, -79.5, -79.36, -85.35087719298245, -92.07142857142857, -87.0, -83.29069767441861, -95.0, -88.0, -90.0, -88.35, -87.13513513513513, -89.375, -86.0, -85.5625, -87.81395348837209, -86.21052631578948, -86.65625, -86.36666666666666, -89.08333333333333, -93.0, -88.89285714285714, -88.44444444444444, -87.44444444444444, -84.875, -87.34782608695652, -88.3, -85.0, -83.8, -84.33333333333333, -85.0, -85.0, -85.0, -88.0, -85.0, -87.0, -85.0, -85.55555555555556, -88.2, -85.0, -79.0, -76.0, -73.0, -85.0, -89.25, -85.0, -70.0, -85.0, -85.0, -82.0, -87.38461538461539, -91.6, -88.5625, -83.5, -89.0, -85.0, -85.0, -85.0, -92.25, -92.33333333333333, -92.0, -93.5, -92.0, -93.0, -94.25], [-82.30985915492958, -82.23741007194245, -88.9342105263158, -89.4578313253012, -74.8962962962963, -74.61940298507463, -83.97014925373135, -57.067567567567565, -58.560810810810814, -87.97777777777777, -83.07407407407408, -83.50877192982456, -83.0, -86.76923076923077, -93.0, -88.77777777777777, -86.33333333333333, -90.7, -87.359375, -65.24305555555556, -90.88888888888889, -83.703125, -86.67857142857143, -87.36842105263158, -87.26, -84.75247524752476, -84.39795918367346, -92.0, -87.6, -87.8, -86.4423076923077, -88.52727272727273, -86.46938775510205, -88.53333333333333, -86.9375, -86.1875, -87.09375, -88.08888888888889, -88.66, -86.57692307692308, -86.98214285714286, -83.88095238095238, -88.0, -89.25, -90.41176470588235, -89.5, -86.45454545454545, -86.9090909090909, -88.57894736842105, -88.77777777777777, -88.0, -85.25, -88.84615384615384, -88.3, -93.8, -90.0, -90.5, -91.55555555555556, -87.85714285714286, -92.55555555555556, -81.0, -85.0, -90.25, -89.66666666666667, -89.0, -91.0, -87.0, -88.0, -94.75], [-83.88372093023256, -84.05825242718447, -76.94392523364486, -77.94656488549619, -84.26666666666667, -84.07058823529412, -81.49685534591195, -81.96774193548387, -77.40555555555555, -75.6067415730337, -75.49152542372882, -68.6891891891892, -69.08053691275168, -80.96907216494846, -80.0873786407767, -76.10967741935484, -77.33734939759036, -54.745, -67.40361445783132, -68.01639344262296, -71.06382978723404, -67.74375, -80.51456310679612, -83.83636363636364, -83.65573770491804, -80.71974522292993, -80.4551282051282, -77.57062146892656, -85.29545454545455, -81.50980392156863, -71.20359281437126, -84.11764705882354, -70.86986301369863, -81.7843137254902, -86.6125, -85.34883720930233, -82.63157894736842, -83.47619047619048, -84.45161290322581, -81.20588235294117, -83.88235294117646, -90.5625, -85.875, -87.2, -85.28571428571429, -85.875, -79.84615384615384, -84.0, -79.0, -87.0, -82.0, -82.0, -89.0, -84.1219512195122, -84.45238095238095, -84.14285714285714, -82.0, -86.07692307692308, -86.82352941176471, -86.78947368421052, -85.0, -85.0, -85.0, -85.0, -85.0, -94.0], [-88.11111111111111, -90.27272727272727, -81.27272727272727, -81.36363636363636, -87.15, -86.9, -89.05882352941177, -87.52631578947368, -86.4, -87.15, -88.9375, -59.95, -62.95, -80.57894736842105, -81.5, -83.0, -86.0, -80.63157894736842, -84.0909090909091, -85.16666666666667, -91.66666666666667, -91.5, -86.1, -86.76470588235294, -87.44444444444444, -88.4, -87.4, -87.55555555555556, -66.4, -69.75, -69.21052631578948, -82.5, -85.0, -83.72727272727273, -75.23529411764706, -81.63636363636364, -74.375, -84.41666666666667, -75.78947368421052, -88.71428571428571, -77.8, -87.66666666666667, -81.0, -81.0, -88.08333333333333, -87.72727272727273, -89.7, -87.0, -86.85714285714286, -90.2, -94.75, -95.0], [-79.16535433070867, -78.82539682539682, -78.7515923566879, -53.22727272727273, -53.37662337662338, -67.76041666666667, -67.97409326424871, -83.40625, -63.53968253968254, -63.36898395721925, -63.59146341463415, -83.95588235294117, -84.29473684210527, -78.27814569536424, -78.91156462585035, -93.5, -84.54385964912281, -85.08620689655173, -89.19047619047619, -83.16867469879519, -72.45185185185186, -82.41935483870968, -88.3, -86.51724137931035, -87.05, -87.04166666666667, -84.11578947368422, -91.125, -87.51351351351352, -78.44117647058823, -83.63366336633663, -93.0, -84.2, -85.44444444444444, -85.9375, -84.96078431372548, -83.17441860465117, -87.4, -84.55263157894737, -89.09677419354838, -84.9, -87.53846153846153, -81.55172413793103, -83.8695652173913, -85.41379310344827, -74.46774193548387, -81.47058823529412, -88.91666666666667, -90.33333333333333, -86.0909090909091, -85.6, -94.0, -88.83333333333333, -78.93333333333334, -87.56521739130434, -87.44, -92.5, -87.33333333333333, -90.0, -85.5, -85.0, -84.84210526315789, -85.42857142857143, -85.46153846153847, -85.33333333333333, -90.0, -87.83333333333333, -86.5, -94.0, -94.0, -91.0, -85.0, -79.92105263157895, -79.86842105263158, -80.225, -85.0, -85.0, -82.0, -85.0, -80.0, -85.0, -85.0], [-84.46551724137932, -87.53448275862068, -86.41071428571429, -79.5679012345679, -79.58333333333333, -48.84444444444444, -48.13333333333333, -70.08333333333333, -69.86666666666666, -67.55307262569832, -67.47428571428571, -76.90566037735849, -82.55357142857143, -64.4322033898305, -81.38775510204081, -86.88888888888889, -80.23076923076923, -82.70270270270271, -86.54054054054055, -79.12857142857143, -80.62745098039215, -81.44186046511628, -82.64150943396227, -80.30952380952381, -85.11111111111111, -85.0, -83.46511627906976, -81.33333333333333, -83.8, -85.81818181818181, -87.58536585365853, -83.14583333333333, -93.66666666666667, -87.66666666666667, -82.23214285714286, -83.2051282051282, -84.28333333333333, -84.5, -84.73809523809524, -86.25, -84.33333333333333, -85.89285714285714, -85.06666666666666, -85.42857142857143, -85.03921568627452, -84.5, -89.36363636363636, -83.9, -84.0625, -82.0, -85.0, -81.0, -89.86666666666666, -83.8, -84.27272727272727, -85.0, -85.0, -85.0, -85.0, -85.0, -85.0], [-83.63703703703703, -86.98305084745763, -84.09027777777777, -82.67391304347827, -81.96739130434783, -58.73529411764706, -59.200980392156865, -81.43790849673202, -82.26589595375722, -60.43265306122449, -75.84328358208955, -76.14556962025317, -58.10970464135021, -76.20149253731343, -82.71428571428571, -77.59633027522936, -78.65789473684211, -73.2008547008547, -73.32489451476793, -82.10126582278481, -59.0, -58.4, -88.0, -79.9451219512195, -80.65605095541402, -87.225, -81.4041095890411, -84.19047619047619, -81.52631578947368, -81.59183673469387, -83.12121212121212, -82.66929133858268, -81.77876106194691, -85.13333333333334, -89.93333333333334, -86.11320754716981, -84.27777777777777, -81.92405063291139, -85.51546391752578, -87.34210526315789, -87.23333333333333, -81.71830985915493, -87.04545454545455, -86.84482758620689, -85.46153846153847, -87.4, -85.72727272727273, -85.5, -87.06666666666666, -89.28571428571429, -87.0, -85.5, -92.0, -89.22222222222223, -85.23809523809524, -87.57142857142857, -88.85714285714286, -85.375, -87.0, -86.0, -84.66666666666667, -88.75, -88.44444444444444, -88.25, -80.06451612903226, -80.11290322580645, -80.04918032786885, -85.0, -85.0, -83.8], [-83.375, -84.3157894736842, -80.35714285714286, -79.64788732394366, -82.70967741935483, -57.842696629213485, -56.449438202247194, -74.16279069767442, -74.22988505747126, -73.3103448275862, -72.92045454545455, -76.88235294117646, -86.625, -68.38775510204081, -81.2, -81.23684210526316, -83.62068965517241, -84.90697674418605, -82.96153846153847, -82.62962962962963, -82.25806451612904, -86.26666666666667, -86.25, -84.57894736842105, -85.17647058823529, -83.33333333333333, -84.5, -85.0, -93.0, -83.18181818181819, -86.0, -87.0, -94.0, -87.07692307692308, -85.0, -85.0, -82.0, -83.0, -85.0, -85.0, -84.3076923076923, -86.25, -85.0, -85.0, -83.5, -85.0, -85.0, -89.0], [-77.18987341772151, -77.40963855421687, -77.00689655172414, -77.14765100671141, -69.58865248226951, -74.1685393258427, -75.17582417582418, -73.05844155844156, -72.84105960264901, -87.57692307692308, -62.84313725490196, -63.169117647058826, -63.48951048951049, -85.10606060606061, -63.697841726618705, -83.3076923076923, -84.80645161290323, -85.20588235294117, -70.0, -88.36363636363636, -87.64285714285714, -84.18181818181819, -84.73214285714286, -83.43298969072166, -84.87272727272727, -84.57894736842105, -86.5925925925926, -82.8076923076923, -83.2840909090909, -83.89285714285714, -86.58333333333333, -88.22222222222223, -85.82352941176471, -84.75925925925925, -82.08108108108108, -86.9090909090909, -87.6875, -84.07407407407408, -83.75, -87.5, -85.25, -84.54545454545455, -87.3529411764706, -86.15384615384616, -83.8, -86.18604651162791, -85.76923076923077, -87.05263157894737, -89.94117647058823, -81.85365853658537, -81.92682926829268, -81.8780487804878, -85.0, -89.0, -88.0, -88.0, -85.0], [-77.275, -76.6842105263158, -89.91891891891892, -89.25714285714285, -89.70370370370371, -90.28125, -88.93333333333334, -58.2, -58.725, -81.05, -81.02564102564102, -79.42857142857143, -79.62857142857143, -86.07142857142857, -85.34782608695652, -80.95, -81.85714285714286, -84.35897435897436, -89.81818181818181, -87.3913043478261, -88.48571428571428, -87.06451612903226, -88.47826086956522, -79.5909090909091, -87.0, -78.375, -78.25, -86.2, -87.42857142857143, -87.9, -81.35897435897436, -85.92857142857143, -81.15384615384616, -86.5, -80.94736842105263, -91.0, -88.23809523809524, -90.13333333333334, -90.81818181818181, -90.19047619047619, -92.58333333333333, -87.0, -88.0, -86.66666666666667, -87.6, -86.0, -87.0, -85.0, -89.66666666666667, -87.0, -88.33333333333333, -90.85714285714286, -90.875, -94.0, -89.83333333333333, -92.5, -87.33333333333333, -88.0, -92.875, -92.0, -92.33333333333333, -87.0, -92.0, -94.4], [-85.26666666666667, -85.8125, -85.62068965517241, -86.37288135593221, -89.41025641025641, -89.66666666666667, -87.53846153846153, -87.28, -82.64285714285714, -82.51162790697674, -78.26785714285714, -78.87272727272727, -70.13333333333334, -71.28333333333333, -84.78378378378379, -84.5, -85.45238095238095, -88.11428571428571, -88.72222222222223, -82.86440677966101, -86.7, -87.27586206896552, -91.4, -90.5, -83.35714285714286, -82.92857142857143, -87.79166666666667, -87.125, -89.52631578947368, -89.05555555555556, -86.0, -86.3, -88.88888888888889, -72.03333333333333, -71.54237288135593, -71.56666666666666, -74.91525423728814, -84.075, -85.0, -76.37288135593221, -84.23255813953489, -76.2280701754386, -85.53488372093024, -75.92857142857143, -87.125, -84.82051282051282, -86.625, -85.23076923076923, -87.04347826086956, -91.0, -86.92307692307692, -87.5, -86.0, -86.25, -85.0, -86.0, -77.0, -90.0, -91.14285714285714, -90.0], [-78.51428571428572, -78.93150684931507, -60.3, -60.054545454545455, -77.01869158878505, -76.14018691588785, -77.38297872340425, -77.34408602150538, -79.31944444444444, -83.63265306122449, -83.79545454545455, -83.69565217391305, -82.61764705882354, -81.78571428571429, -77.6923076923077, -89.66666666666667, -83.78125, -84.60714285714286, -85.59375, -85.09375, -86.25, -76.80645161290323, -77.47368421052632, -77.62903225806451, -84.83783783783784, -85.61538461538461, -85.91666666666667, -86.74418604651163, -84.45652173913044, -84.12280701754386, -86.22222222222223, -84.42857142857143, -83.625, -86.27777777777777, -88.0, -86.77272727272727, -89.0, -86.80952380952381, -88.16666666666667, -87.82352941176471, -85.83333333333333, -88.85714285714286, -85.0, -83.27272727272727, -88.33333333333333, -85.0, -79.0, -82.0, -89.66666666666667, -87.8, -87.7, -89.0, -87.0, -89.0], [-84.2, -84.4, -88.0, -89.75, -66.45, -70.4, -88.75, -86.4, -81.88235294117646, -85.0, -90.08333333333333, -90.625, -77.95, -85.33333333333333, -85.84210526315789, -77.6, -84.625, -77.65, -87.0, -85.95, -76.85, -88.4, -82.78947368421052, -83.1, -90.5, -82.6, -81.84615384615384, -85.0, -89.0, -89.0, -85.66666666666667, -86.0, -85.5, -85.0, -88.33333333333333, -86.0, -87.0, -87.0, -88.0, -89.5, -88.0, -86.0, -89.0, -92.0, -91.0], [-88.16666666666667, -87.26666666666667, -89.125, -88.33333333333333, -76.825, -77.225, -88.19047619047619, -86.95238095238095, -86.625, -87.11764705882354, -72.44444444444444, -72.45945945945945, -82.7948717948718, -82.8, -51.175, -51.65, -86.47058823529412, -86.22727272727273, -87.81818181818181, -83.58823529411765, -85.43478260869566, -82.48717948717949, -86.88235294117646, -89.45833333333333, -89.5, -91.54545454545455, -92.0, -88.37142857142857, -87.08571428571429, -87.95, -88.0952380952381, -87.38461538461539, -80.29032258064517, -79.75, -84.0, -80.5, -84.14285714285714, -57.45, -81.9, -78.8157894736842, -81.6, -76.96969696969697, -81.3, -78.21621621621621, -86.27777777777777, -88.5, -85.0, -89.28571428571429, -94.28571428571429, -91.0], [-78.05555555555556, -76.75, -76.1923076923077, -86.25, -71.37037037037037, -74.86363636363636, -73.08695652173913, -73.52631578947368, -76.73684210526316, -77.0, -92.0, -84.53846153846153, -83.5, -91.0, -85.5, -82.08333333333333, -77.625, -80.53846153846153, -82.6, -85.0, -78.72727272727273, -84.14285714285714, -80.5, -82.0, -85.0, -82.0, -83.5, -83.0, -85.0, -85.0, -87.85714285714286, -85.0, -87.57142857142857, -88.28571428571429, -83.5, -80.9090909090909, -83.2, -83.0, -85.0, -85.0, -85.0, -83.0, -85.0, -85.0, -85.0, -85.0]], "edges": [[12, 6, 18.549465479987123], [14, 17, 20.43750666967895], [10, 2, 22.347573387649383], [3, 14, 50.388526077022455], [16, 1, 28.541708354757663], [15, 18, 11.40628217149659], [12, 15, 18.282221144936635], [16, 17, 42.782486652414576], [8, 2, 12.791734179454957], [0, 11, 25.22411126197972], [4, 0, 30.159630662246343], [18, 11, 25.532320269845254], [12, 10, 31.804448131895953], [15, 12, 18.282221144936635], [18, 0, 7.2371014922554915], [15, 11, 17.168540776800956], [18, 9, 21.67706303852833], [13, 1, 38.313674570142055], [5, 8, 53.002531813850815], [8, 12, 45.87058293634399], [13, 7, 13.723844162886717], [17, 1, 14.259902269818193], [6, 12, 18.549465479987123], [6, 10, 13.31495649875412], [1, 7, 24.642572442727577], [0, 15, 8.254996832097795], [4, 15, 24.4949781287562], [10, 18, 40.619422826284165], [11, 15, 17.168540776800956], [9, 12, 28.423011370027226], [18, 4, 35.665667091352745], [5, 1, 30.936437628464947], [2, 17, 51.0103972634601], [5, 14, 36.41122078424881], [18, 10, 40.619422826284165], [3, 7, 32.91248588345371], [17, 2, 51.0103972634601], [7, 17, 38.498937091785116], [10, 6, 13.31495649875412], [4, 18, 35.665667091352745], [0, 9, 18.199226109912644], [4, 11, 24.26927819786487], [0, 6, 28.656137500050004], [9, 18, 21.67706303852833], [7, 13, 13.723844162886717], [9, 11, 11.605762250704588], [16, 7, 10.329919502195642], [18, 6, 27.738092011198187], [17, 7, 38.498937091785116], [3, 4, 36.83562557428511], [5, 2, 40.47425244070458], [7, 14, 18.077885037841696], [14, 16, 23.147098526018492], [16, 13, 14.456003063526058], [9, 15, 10.415957442620604], [12, 9, 28.423011370027226], [7, 16, 10.329919502195642], [2, 8, 12.791734179454957], [12, 0, 10.230420458340447], [15, 9, 10.415957442620604], [18, 12, 10.113062026552479], [14, 5, 36.41122078424881], [1, 5, 30.936437628464947], [3, 16, 34.92868551381882], [4, 9, 15.976802420283907], [14, 7, 18.077885037841696], [12, 18, 10.113062026552479], [17, 14, 20.43750666967895], [16, 14, 23.147098526018492], [8, 10, 14.12302944855789], [7, 3, 32.91248588345371], [6, 0, 28.656137500050004], [6, 8, 27.32663196485612], [6, 18, 27.738092011198187], [2, 10, 22.347573387649383], [14, 13, 31.79796181690776], [2, 5, 40.47425244070458], [7, 1, 24.642572442727577], [1, 17, 14.259902269818193], [9, 4, 15.976802420283907], [13, 14, 31.79796181690776], [6, 2, 33.41499064167263], [0, 18, 7.2371014922554915], [14, 3, 50.388526077022455], [3, 13, 20.586645574094646], [15, 4, 24.4949781287562], [12, 8, 45.87058293634399], [8, 5, 53.002531813850815], [4, 3, 36.83562557428511], [11, 4, 24.26927819786487], [5, 17, 17.102283312053515], [17, 5, 17.102283312053515], [17, 16, 42.782486652414576], [1, 16, 28.541708354757663], [16, 3, 34.92868551381882], [11, 18, 25.532320269845254], [18, 15, 11.40628217149659], [15, 0, 8.254996832097795], [8, 6, 27.32663196485612], [0, 4, 30.159630662246343], [14, 1, 6.769575433005613], [1, 13, 38.313674570142055], [10, 12, 31.804448131895953], [1, 14, 6.769575433005613], [10, 8, 14.12302944855789], [9, 0, 18.199226109912644], [2, 6, 33.41499064167263], [13, 3, 20.586645574094646], [11, 0, 25.22411126197972], [13, 16, 14.456003063526058], [0, 12, 10.230420458340447], [11, 9, 11.605762250704588]]}