{"rp_ids": ["rp_0", "rp_1", "rp_2", "rp_3", "rp_4", "rp_5", "rp_6", "rp_7", "rp_8", "rp_9", "rp_10", "rp_11", "rp_12", "rp_13", "rp_14", "rp_15", "rp_16"], "coords": [[35.94585623673069, -9.869585359360201], [-43.81963956513391, 16.47868273407221], [5.549788310481745, -64.45332522969693], [-2.453329872474073, 12.177861133505674], [-60.88391168976462, -26.385125231929123], [13.15380565760007, 3.5500973972774457], [-29.771114094226856, 32.38511729137032], [-27.776711688087744, -47.2032252298668], [16.89035661992461, -53.29675434167601], [33.263786403164374, -24.43313165689292], [-16.6408448083648, 19.30957803800337], [-58.930770345142136, -11.272585792600044], [-10.045478357023361, -55.57089189408968], [25.779532405870278, -2.941485317756555], [-37.4669116890891, -40.35752522666007], [-31.505369761680203, 24.751100523857634], [-47.80691168894009, -34.621125233359635]], "ap_ids": [[98, 99, 117, 118, 127, 128, 132, 138, 139, 479, 496, 511, 62, 77, 78, 131, 449, 233, 248, 517, 428, 502, 230, 232, 234, 69, 70, 456, 229, 501, 145, 389, 61, 495, 516, 236, 467, 465, 73, 74, 83, 237, 84, 87, 489, 506, 473, 478, 85, 218, 455, 472, 504, 5, 82, 480, 12, 216, 453, 418, 65, 66, 59, 430, 235, 484, 11], [11, 12, 61, 62, 63, 64, 65, 66, 73, 74, 77, 78, 114, 121, 131, 132, 277, 478, 486, 503, 98, 122, 496, 501, 502, 516, 517, 70, 204, 107, 108, 113, 69, 87, 68, 432, 96, 127, 389, 495, 116, 332, 248, 85, 117, 118, 67, 145, 84, 60, 97, 128, 144, 83, 274, 82, 176], [61, 62, 63, 64, 65, 66, 67, 68, 69, 73, 74, 77, 78, 82, 83, 87, 117, 118, 279, 335, 391, 486, 517, 84, 132, 144, 145, 439, 479, 502, 428, 496, 277, 456, 12, 85, 131, 332, 70, 249, 230, 232, 248, 460, 11, 476], [61, 65, 66, 82, 83, 85, 96, 97, 117, 118, 122, 131, 132, 144, 145, 489, 496, 517, 11, 12, 62, 69, 84, 121, 478, 502, 63, 74, 77, 78, 87, 70, 73, 332, 248, 64, 249, 277, 389, 484, 60, 128, 127, 495, 196, 461, 59, 139, 418, 99], [61, 62, 64, 65, 66, 69, 70, 73, 77, 78, 82, 83, 84, 85, 87, 97, 131, 188, 277, 332, 484, 495, 63, 74, 249, 260, 286, 315, 389, 496, 517, 189, 371, 372, 386, 501, 516, 138, 502, 274, 99, 122, 132, 96, 489, 369, 60, 118, 439, 394, 67, 187, 335, 342, 59, 128], [65, 77, 78, 97, 99, 117, 118, 132, 248, 489, 496, 502, 511, 517, 61, 62, 98, 127, 131, 481, 128, 63, 64, 66, 87, 277, 69, 70, 83, 145, 85, 73, 74, 495, 501, 59, 60, 84, 478, 516, 96, 389, 332, 82, 486, 144, 138, 68, 483, 139, 67, 484, 12, 122, 121, 11, 418], [11, 12, 61, 62, 66, 114, 121, 122, 131, 132, 204, 478, 496, 502, 503, 517, 77, 113, 144, 145, 203, 117, 118, 116, 65, 78, 107, 177, 63, 64, 248, 146, 147, 180, 181, 108, 489, 176, 74, 115, 83, 157, 418, 73, 484], [61, 62, 64, 65, 66, 69, 84, 85, 87, 99, 131, 132, 145, 248, 249, 484, 502, 12, 63, 77, 78, 82, 83, 97, 98, 144, 200, 277, 332, 496, 517, 74, 118, 489, 335, 501, 516, 11, 139, 389, 73, 70, 117, 128], [59, 60, 61, 62, 64, 65, 66, 69, 70, 74, 77, 78, 82, 83, 84, 85, 87, 118, 144, 145, 332, 502, 517, 12, 68, 73, 229, 277, 428, 456, 478, 63, 117, 249, 389, 460, 479, 486, 391, 496, 11, 67, 495, 131, 248, 132, 121], [77, 78, 98, 99, 117, 118, 127, 128, 277, 502, 511, 233, 248, 479, 480, 501, 139, 232, 428, 69, 70, 82, 83, 229, 59, 60, 234, 496, 516, 61, 62, 131, 418, 495, 435, 449, 456, 73, 84, 85, 87, 145, 503, 517, 484, 144, 332, 389, 138, 436, 230, 237, 132, 12, 74, 235, 439, 455, 236, 512, 453, 11, 489, 5, 518, 471, 121, 122, 504, 473, 486, 97, 64, 65, 66, 96, 478, 63, 218], [11, 12, 61, 62, 66, 117, 118, 121, 122, 131, 132, 144, 478, 496, 502, 65, 83, 204, 517, 63, 69, 70, 77, 78, 84, 85, 74, 82, 64, 73, 87, 248, 332, 389, 145, 277, 484, 489, 503, 203, 60, 59, 249, 98, 99, 113, 97, 495, 501, 96, 114, 18, 418, 509, 486, 67], [59, 60, 61, 62, 63, 64, 65, 66, 67, 69, 70, 77, 78, 87, 127, 284, 371, 489, 496, 74, 117, 118, 258, 277, 282, 315, 332, 369, 394, 495, 502, 516, 517, 338, 389, 484, 82, 83, 109, 132, 260, 478, 107, 114, 261, 329, 73, 340, 110, 372, 84, 248, 386, 68], [11, 61, 62, 63, 64, 65, 66, 70, 73, 74, 77, 78, 84, 87, 96, 97, 132, 144, 145, 277, 335, 486, 496, 516, 517, 82, 248, 249, 489, 502, 67, 68, 69, 85, 131, 279, 332, 12, 83, 128, 484, 495, 501, 391, 118, 389, 59], [61, 62, 69, 98, 99, 117, 118, 127, 128, 131, 132, 248, 481, 489, 496, 501, 511, 516, 517, 65, 66, 77, 495, 502, 78, 139, 70, 138, 234, 84, 85, 87, 144, 145, 277, 332, 82, 83, 64, 389, 121, 479, 73, 74, 484, 63, 483, 432, 478, 59, 428, 96, 97, 453, 486, 60, 11, 12, 456], [11, 12, 61, 62, 63, 64, 66, 77, 78, 82, 83, 87, 96, 97, 117, 128, 144, 145, 332, 484, 489, 495, 496, 501, 502, 60, 65, 69, 70, 73, 74, 84, 85, 121, 127, 138, 249, 389, 391, 516, 517, 131, 132, 118, 277, 398], [11, 12, 61, 62, 65, 66, 77, 113, 114, 121, 122, 131, 132, 478, 496, 502, 503, 517, 78, 107, 108, 144, 145, 203, 115, 204, 64, 117, 118, 389, 484, 87, 248, 63, 74, 486, 73, 141, 489, 116, 70, 177, 277, 82, 140, 84, 176, 332, 83, 69, 85, 68], [12, 61, 62, 63, 64, 65, 66, 69, 70, 73, 74, 77, 78, 82, 83, 87, 96, 97, 98, 121, 138, 144, 277, 391, 484, 496, 501, 502, 517, 11, 85, 145, 249, 286, 516, 59, 60, 332, 84, 132, 128, 398, 127, 118, 139]], "rssi": [[-74.16233766233766, -74.13071895424837, -55.55844155844156, -55.41558441558441, -76.25974025974025, -76.1038961038961, -84.92857142857143, -88.57425742574257, -88.5945945945946, -85.78102189781022, -74.21153846153847, -87.95890410958904, -85.93203883495146, -87.66666666666667, -87.93258426966293, -84.76530612244898, -89.80357142857143, -87.34042553191489, -83.27058823529411, -75.14, -88.40845070422536, -75.18446601941747, -91.20833333333333, -91.71111111111111, -85.44285714285714, -88.96969696969697, -90.15625, -83.26923076923077, -93.6, -80.63095238095238, -95.0, -88.08333333333333, -85.84, -80.13924050632912, -79.82894736842105, -87.55555555555556, -86.25, -86.05405405405405, -88.72222222222223, -90.15384615384616, -86.71428571428571, -89.77777777777777, -86.74193548387096, -92.5, -85.38461538461539, -87.5, -87.16666666666667, -88.2, -86.95833333333333, -89.0625, -87.0, -92.0, -87.6, -91.46153846153847, -88.27272727272727, -86.0, -90.0, -85.5, -88.0, -89.85714285714286, -90.0, -95.0, -90.0, -86.0, -90.0, -90.0, -86.0], [-84.09803921568627, -85.34426229508196, -89.67164179104478, -89.22535211267606, -89.77777777777777, -89.5, -88.58108108108108, -89.3013698630137, -89.62162162162163, -88.65116279069767, -84.91780821917808, -84.48611111111111, -91.38461538461539, -85.16666666666667, -68.5, -68.45, -90.5, -75.2875, -91.75, -84.01351351351352, -94.0, -83.72727272727273, -85.96296296296296, -90.0, -86.16129032258064, -88.53333333333333, -86.12727272727273, -90.85714285714286, -95.0, -90.61538461538461, -88.42857142857143, -91.03333333333333, -89.57142857142857, -92.21428571428571, -87.875, -94.5, -95.0, -88.5, -89.0, -89.25, -95.0, -89.28571428571429, -87.625, -90.26315789473684, -90.0, -88.8, -88.66666666666667, -95.0, -87.13333333333334, -89.0, -89.0, -88.0, -89.0, -89.6, -91.0, -89.0, -88.0], [-46.65, -49.5, -83.21875, -83.42424242424242, -64.975, -64.85, -83.7, -82.95833333333333, -87.9, -63.75, -63.375, -82.03333333333333, -80.53333333333333, -84.46153846153847, -85.0, -78.63636363636364, -77.6, -79.85714285714286, -84.05, -84.0, -85.125, -77.63157894736842, -81.78947368421052, -89.5, -88.45454545454545, -82.8, -84.08, -84.0, -89.0, -82.5, -86.71428571428571, -81.76923076923077, -88.0, -84.2, -89.0, -87.2, -87.88888888888889, -86.0, -85.5, -87.6, -89.66666666666667, -90.2, -87.75, -90.0, -89.5, -86.0], [-86.56626506024097, -86.37179487179488, -87.16455696202532, -83.07692307692308, -82.1923076923077, -84.85915492957747, -86.0, -87.69565217391305, -75.83529411764705, -76.19540229885058, -90.83018867924528, -73.89772727272727, -73.55681818181819, -88.66666666666667, -89.75, -78.45945945945945, -44.81395348837209, -46.07142857142857, -72.76923076923077, -88.93333333333334, -86.91463414634147, -87.14285714285714, -85.109375, -91.22916666666667, -80.925, -44.607142857142854, -88.27868852459017, -88.33333333333333, -81.83582089552239, -82.41095890410959, -90.25454545454545, -87.86440677966101, -86.325, -87.45454545454545, -82.49056603773585, -87.91071428571429, -92.25, -86.82608695652173, -86.71875, -93.83333333333333, -87.3076923076923, -94.0, -89.8, -93.0, -93.66666666666667, -90.7, -85.0, -87.0, -90.71428571428571, -88.85714285714286], [-74.4, -74.13333333333334, -84.0, -82.8695652173913, -84.08, -67.3, -66.76666666666667, -86.33333333333333, -43.86666666666667, -46.833333333333336, -58.7, -58.0, -81.05, -79.66666666666667, -75.43333333333334, -86.5, -83.0, -85.0, -85.11111111111111, -84.0, -68.66666666666667, -83.46153846153847, -84.83333333333333, -87.66666666666667, -84.33333333333333, -87.57142857142857, -86.0, -89.0, -85.0, -77.92857142857143, -80.57894736842105, -84.85714285714286, -87.5, -88.5, -90.0, -85.0, -85.0, -88.0, -79.71428571428571, -90.0, -86.0, -90.0, -86.0, -84.2, -86.44444444444444, -88.0, -84.0, -86.5, -90.0, -89.2, -86.0, -82.0, -86.0, -88.0, -88.0, -89.0], [-81.66867469879519, -84.83636363636364, -86.28571428571429, -88.12820512820512, -88.65168539325843, -67.80337078651685, -67.82584269662921, -79.85975609756098, -81.6086956521739, -70.58024691358025, -55.86363636363637, -56.56441717791411, -91.2258064516129, -56.102409638554214, -84.70779220779221, -85.18181818181819, -87.96470588235294, -86.87628865979381, -80.17791411042944, -88.375, -86.55813953488372, -85.47272727272727, -84.87272727272727, -81.80981595092024, -88.05555555555556, -85.64516129032258, -88.40697674418605, -88.12903225806451, -84.43859649122807, -89.9375, -86.42, -87.75510204081633, -88.93137254901961, -84.21052631578948, -84.7125, -90.83333333333333, -89.94117647058823, -86.94, -86.35135135135135, -84.1842105263158, -90.1, -86.3157894736842, -85.65151515151516, -84.3409090909091, -88.33333333333333, -90.42857142857143, -89.75, -95.0, -84.63157894736842, -87.25, -84.0, -93.47058823529412, -87.8, -90.0, -89.5, -86.0, -90.0], [-77.8256880733945, -77.92380952380952, -93.6, -94.0, -92.25714285714285, -84.33766233766234, -73.01851851851852, -72.51886792452831, -61.908256880733944, -62.06422018348624, -85.30555555555556, -64.34579439252336, -75.11702127659575, -74.89024390243902, -80.81395348837209, -76.24096385542168, -85.46511627906976, -85.125, -89.21951219512195, -89.47272727272727, -84.71428571428571, -82.6470588235294, -84.95652173913044, -92.375, -91.75, -84.79166666666667, -88.0909090909091, -93.33333333333333, -95.0, -95.0, -85.97142857142858, -93.625, -93.0, -93.0, -94.0, -88.28571428571429, -94.0, -86.9090909090909, -90.28571428571429, -87.0, -90.0, -93.0, -90.5, -89.0, -95.0], [-75.28571428571429, -75.64285714285714, -85.1, -84.78571428571429, -85.53846153846153, -86.875, -81.92307692307692, -82.0, -75.64285714285714, -90.0, -85.0, -86.0, -86.46153846153847, -82.5, -85.5, -78.84615384615384, -79.25, -84.0, -78.0, -77.07692307692308, -79.6923076923077, -84.0, -84.5, -88.5, -88.5, -85.11111111111111, -89.0, -81.16666666666667, -80.83333333333333, -78.66666666666667, -78.0, -87.6, -88.0, -80.33333333333333, -89.0, -87.33333333333333, -89.0, -85.66666666666667, -88.0, -82.0, -86.5, -83.0, -85.0, -88.0], [-84.5, -86.375, -70.18518518518519, -72.11111111111111, -87.88235294117646, -81.43478260869566, -79.83333333333333, -85.125, -83.1, -82.53846153846153, -80.26666666666667, -80.23076923076923, -85.91666666666667, -82.54545454545455, -78.55555555555556, -83.5625, -85.54545454545455, -86.33333333333333, -83.57142857142857, -82.18181818181819, -79.66666666666667, -84.23529411764706, -83.77777777777777, -84.5, -86.8, -81.5, -89.33333333333333, -79.76470588235294, -84.8, -85.0, -87.33333333333333, -86.0, -84.83333333333333, -88.0, -82.0625, -86.0, -87.84615384615384, -85.71428571428571, -88.0, -84.66666666666667, -89.0, -83.0, -89.0, -86.57142857142857, -84.125, -90.0, -92.0], [-86.25438596491227, -86.776, -86.15294117647059, -86.49462365591398, -73.85, -74.1413043478261, -84.68103448275862, -84.65833333333333, -86.875, -86.19587628865979, -91.80597014925372, -89.62962962962963, -86.01041666666667, -88.73846153846154, -90.56, -86.15384615384616, -90.46666666666667, -94.0, -88.23364485981308, -88.74489795918367, -88.84158415841584, -85.8695652173913, -85.6, -92.05128205128206, -88.0625, -88.02564102564102, -91.20930232558139, -85.52439024390245, -87.64102564102564, -87.22772277227723, -86.9090909090909, -90.0, -91.46428571428571, -88.825, -93.10526315789474, -93.0, -87.38297872340425, -89.25, -87.09210526315789, -87.08641975308642, -90.57142857142857, -90.35555555555555, -90.4, -84.82278481012658, -88.30434782608695, -89.69444444444444, -89.16666666666667, -88.22222222222223, -92.66666666666667, -95.0, -92.66666666666667, -92.66666666666667, -89.23333333333333, -88.66666666666667, -89.25, -93.5, -90.55555555555556, -87.1, -95.0, -94.33333333333333, -88.2, -86.8125, -87.45833333333333, -95.0, -93.0, -94.0, -93.0, -86.125, -88.55555555555556, -94.0, -87.0, -88.34615384615384, -92.5, -85.28571428571429, -91.26315789473684, -87.9, -88.0, -88.72727272727273, -94.0], [-82.49122807017544, -82.4478527607362, -88.91256830601093, -89.18435754189944, -89.375, -77.71264367816092, -78.11797752808988, -81.2565445026178, -81.77835051546391, -66.77339901477832, -66.56, -86.18072289156626, -76.79545454545455, -62.7029702970297, -62.82608695652174, -88.38, -81.42045454545455, -88.58823529411765, -62.84444444444444, -89.34285714285714, -88.04716981132076, -89.01694915254237, -85.74615384615385, -85.69852941176471, -84.1078431372549, -84.31666666666666, -88.26804123711341, -80.98780487804878, -88.95876288659794, -88.9080459770115, -90.05434782608695, -86.0126582278481, -88.11904761904762, -87.4090909090909, -87.16438356164383, -87.74074074074075, -92.29166666666667, -87.57142857142857, -88.07692307692308, -88.84615384615384, -91.0, -88.6, -94.0, -95.0, -95.0, -92.14285714285714, -89.5, -91.0, -93.0, -88.42857142857143, -91.5909090909091, -89.0, -91.0, -87.0, -88.0, -92.0], [-84.0, -83.0, -85.88888888888889, -85.61111111111111, -86.5, -86.14285714285714, -87.63636363636364, -88.18181818181819, -88.0, -80.41666666666667, -82.11111111111111, -69.28571428571429, -71.23809523809524, -82.63636363636364, -84.0, -88.2, -86.14285714285714, -85.5, -86.0625, -86.6, -85.75, -84.5, -89.0, -82.33333333333333, -84.8, -87.33333333333333, -81.63636363636364, -88.0, -88.0, -88.0, -85.0, -89.66666666666667, -85.1, -87.61538461538461, -82.0, -87.0, -84.6, -83.0, -92.0, -87.6, -85.5, -82.0, -87.5, -90.0, -90.0, -87.42857142857143, -86.5, -84.71428571428571, -92.0, -88.0, -87.33333333333333, -83.0, -86.0, -83.0], [-82.0, -50.93333333333333, -52.733333333333334, -82.42307692307692, -82.21739130434783, -75.73333333333333, -75.36666666666666, -84.14285714285714, -75.73333333333333, -75.06666666666666, -72.83333333333333, -74.03333333333333, -84.4, -78.60714285714286, -86.0, -88.66666666666667, -85.5, -82.78947368421052, -83.20833333333333, -84.18181818181819, -83.71428571428571, -84.04, -78.76470588235294, -83.66666666666667, -79.3125, -87.0, -84.0, -86.17647058823529, -86.6923076923077, -81.07692307692308, -83.5, -83.8, -84.8, -84.125, -85.44444444444444, -82.85714285714286, -84.73333333333333, -81.77777777777777, -86.33333333333333, -85.0, -82.0, -82.875, -83.0909090909091, -84.44444444444444, -86.0, -83.54545454545455, -88.0], [-89.10144927536231, -87.52173913043478, -88.30508474576271, -79.31603773584905, -79.15023474178403, -60.535714285714285, -60.44642857142857, -78.76328502415458, -78.93719806763285, -81.38349514563107, -81.42788461538461, -81.13076923076923, -88.8936170212766, -80.14285714285714, -67.83417085427136, -73.51724137931035, -84.13181818181818, -74.06338028169014, -67.31210191082802, -89.29896907216495, -89.55645161290323, -85.90322580645162, -73.04255319148936, -67.71929824561404, -85.94444444444444, -88.62698412698413, -87.78, -88.552, -93.5, -86.71134020618557, -85.47297297297297, -91.82142857142857, -86.97058823529412, -87.1304347826087, -86.19354838709677, -87.12, -84.52272727272727, -84.35, -91.23076923076923, -87.94871794871794, -95.0, -90.83333333333333, -90.37142857142857, -90.33333333333333, -94.0, -90.42857142857143, -82.38095238095238, -95.0, -88.16666666666667, -92.33333333333333, -95.0, -90.75, -90.5, -85.0, -87.0, -87.42857142857143, -89.55555555555556, -85.375, -85.0], [-84.66666666666667, -83.2, -65.4, -64.3, -78.75, -81.33333333333333, -86.0, -61.0, -64.3, -81.57142857142857, -81.55555555555556, -77.2, -86.0, -85.5, -86.0, -86.0, -82.5, -81.6, -79.66666666666667, -65.2, -88.0, -82.44444444444444, -74.0, -83.8, -76.25, -84.0, -85.625, -81.625, -81.22222222222223, -79.0, -81.0, -84.0, -85.0, -89.0, -84.0, -86.0, -86.0, -84.0, -85.0, -83.8, -72.33333333333333, -84.0, -85.75, -86.0, -82.0, -88.0], [-74.10240963855422, -73.9030303030303, -89.32954545454545, -89.96739130434783, -86.11428571428571, -86.35454545454546, -84.25925925925925, -80.22222222222223, -80.89473684210526, -71.90173410404624, -71.71264367816092, -54.275862068965516, -54.241379310344826, -62.11695906432749, -74.89147286821705, -75.93181818181819, -76.23026315789474, -75.5390625, -84.76851851851852, -85.0, -86.0, -85.97647058823529, -85.875, -87.87179487179488, -89.76470588235294, -86.74137931034483, -88.45454545454545, -83.43835616438356, -83.64367816091954, -94.5, -92.6, -90.73529411764706, -85.57446808510639, -87.75757575757575, -88.84375, -89.13636363636364, -89.93333333333334, -88.3076923076923, -95.0, -91.0, -90.0, -89.06666666666666, -89.25, -86.26315789473684, -93.0, -88.0, -88.0, -87.9, -85.18181818181819, -86.33333333333333, -87.6, -86.0], [-83.66666666666667, -66.8, -66.7, -85.71428571428571, -81.66666666666667, -85.42857142857143, -85.5, -72.3, -73.8, -84.71428571428571, -84.0, -52.3, -54.4, -74.0, -73.4, -75.0, -88.0, -84.5, -89.0, -89.0, -86.0, -83.0, -84.77777777777777, -85.0, -57.5, -75.0, -84.0, -75.2, -77.0, -86.2, -82.42857142857143, -83.33333333333333, -89.0, -86.0, -85.5, -83.0, -81.0, -82.0, -81.0, -85.0, -88.0, -89.0, -86.33333333333333, -90.0, -88.0]], "edges": [[7, 4, 39.108566574027826], [6, 3, 33.97932512890455], [2, 12, 17.947422221369365], [9, 8, 33.18430227315632], [14, 16, 11.82463043312795], [13, 0, 12.302548939971294], [15, 3, 31.65607951865048], [15, 10, 15.829221997678657], [16, 7, 23.654136052628324], [1, 15, 14.834895917430975], [6, 5, 51.71080262376048], [9, 13, 22.757524475709705], [11, 14, 36.147350252680525], [9, 2, 48.6793753440399], [7, 14, 11.864383026239137], [14, 4, 27.26873393915447], [7, 2, 37.52627815489822], [3, 5, 17.83314292384485], [10, 15, 15.829221997678657], [5, 0, 26.4492997051046], [3, 15, 31.65607951865048], [14, 11, 36.147350252680525], [16, 11, 25.8629952909532], [16, 14, 11.82463043312795], [15, 6, 7.828528260583781], [11, 4, 15.23822855247127], [7, 16, 23.654136052628324], [14, 2, 49.30561891548903], [1, 3, 41.58928520699705], [7, 12, 19.606490783518485], [14, 7, 11.864383026239137], [10, 13, 47.9019647139868], [2, 9, 48.6793753440399], [15, 11, 45.27536386369406], [5, 9, 34.45972190667144], [2, 14, 49.30561891548903], [5, 6, 51.71080262376048], [9, 0, 14.808456346037742], [1, 11, 31.59872114959689], [9, 5, 34.45972190667144], [13, 5, 14.196817321784273], [4, 14, 27.26873393915447], [8, 2, 15.908411723380048], [14, 12, 31.358914702881286], [3, 1, 41.58928520699705], [12, 2, 17.947422221369365], [8, 7, 45.08079511575975], [16, 4, 15.454437066587971], [11, 15, 45.27536386369406], [4, 1, 46.13561982340421], [6, 10, 18.530345336382496], [10, 5, 33.70582184807895], [12, 16, 43.18354513492179], [5, 13, 14.196817321784273], [12, 8, 27.031664904564643], [11, 1, 31.59872114959689], [1, 10, 27.32582757488599], [15, 1, 14.834895917430975], [5, 10, 33.70582184807895], [7, 8, 45.08079511575975], [0, 5, 26.4492997051046], [0, 13, 12.302548939971294], [0, 3, 44.278520647206896], [5, 3, 17.83314292384485], [3, 10, 15.87913618752672], [8, 9, 33.18430227315632], [13, 9, 22.757524475709705], [3, 6, 33.97932512890455], [4, 11, 15.23822855247127], [12, 7, 19.606490783518485], [11, 16, 25.8629952909532], [1, 4, 46.13561982340421], [0, 9, 14.808456346037742], [6, 1, 21.222057587150495], [10, 3, 15.87913618752672], [8, 0, 47.42395039918869], [3, 13, 32.02638208635585], [4, 16, 15.454437066587971], [0, 8, 47.42395039918869], [6, 15, 7.828528260583781], [1, 6, 21.222057587150495], [10, 1, 27.32582757488599], [12, 14, 31.358914702881286], [8, 12, 27.031664904564643], [13, 10, 47.9019647139868], [2, 7, 37.52627815489822], [2, 8, 15.908411723380048], [3, 0, 44.278520647206896], [16, 12, 43.18354513492179], [10, 6, 18.530345336382496], [13, 3, 32.02638208635585], [4, 7, 39.108566574027826]]}