{"rp_ids": ["rp_0", "rp_1", "rp_2", "rp_3", "rp_4", "rp_5", "rp_6", "rp_7", "rp_8", "rp_9", "rp_10", "rp_11", "rp_12", "rp_13", "rp_14"], "coords": [[-13.024299009056449, -20.18050797842443], [2.217162198969508, 40.30168512315843], [49.471102553193305, 26.878973269136623], [0.5464509908988475, -43.770291314149894], [21.089139879707343, 19.66953091033631], [-35.2688156741724, -23.91765798193713], [-0.5293061512572551, 51.49795630760491], [-1.4727156748737495, -8.80049131376048], [-3.5388621230876214, -30.93694568538397], [7.52863831564046, 27.636057514828487], [31.431075666686457, 22.7091004636816], [5.408750991983652, 8.601792020723224], [-42.794724008353114, -26.331132980063558], [3.065510990931034, -53.933777981624004], [-24.715105970450825, -21.255031396528775]], "ap_ids": [[7, 13, 14, 23, 24, 53, 54, 71, 72, 80, 81, 155, 156, 225, 253, 40, 39, 26, 9, 41, 268, 452, 323, 380, 224, 25, 30, 42, 434, 447, 345], [27, 28, 33, 34, 51, 52, 57, 58, 75, 76, 161, 162, 224, 452, 289, 350, 346, 32, 401, 36, 31, 327, 336, 384, 294, 404, 35, 380, 402, 382, 426, 265, 268, 272, 320, 345, 26, 323, 383, 459, 280, 299, 39], [27, 28, 30, 36, 57, 58, 75, 76, 33, 34, 35, 150, 151, 8, 161, 162, 173, 248, 29, 350, 289, 404, 345, 43, 172, 294, 401, 18, 44, 251, 268, 380, 51, 52, 452, 155, 156], [7, 13, 23, 24, 29, 30, 53, 54, 80, 81, 155, 156, 225, 253, 443, 14, 35, 36, 39, 40, 167, 123, 185, 434, 166, 184, 447], [25, 28, 33, 51, 52, 57, 58, 71, 72, 75, 76, 161, 162, 27, 34, 35, 36, 452, 224, 155, 156, 32, 294, 172, 173, 345, 350, 401, 346], [7, 23, 24, 39, 40, 41, 53, 54, 80, 81, 155, 156, 268, 264, 319, 323, 350, 376, 392, 294, 253, 336, 42, 380, 154, 327, 401, 13, 290, 404, 384, 224, 31, 280, 225, 161, 162, 328, 434, 14, 300, 345, 409, 452, 33, 270, 355], [31, 33, 34, 57, 58, 75, 76, 272, 17, 27, 28, 224, 18, 384, 392, 32, 162, 300, 380, 356, 51, 350, 404, 452, 161, 268, 273, 346, 289, 336, 459, 280, 323, 281, 345, 354, 402, 410, 500, 515], [19, 20, 25, 26, 50, 71, 72, 161, 162, 280, 323, 380, 402, 13, 54, 155, 156, 268, 289, 345, 350, 401, 452, 80, 81, 294, 327, 346, 7, 57, 404, 14, 272, 290, 58, 224, 336, 392, 409, 9, 384, 39, 53, 337, 434, 447, 33, 154, 34, 35, 36, 51, 52, 75, 377, 40, 41, 225, 253, 299, 300, 302, 355, 356, 359, 410, 411], [7, 13, 14, 23, 24, 39, 41, 53, 54, 80, 81, 155, 156, 225, 253, 40, 71, 72, 443, 30, 42, 29, 268, 25, 48, 434, 447, 36, 26], [27, 28, 33, 34, 51, 52, 57, 58, 75, 76, 161, 162, 224, 452, 426, 294, 327, 39, 71, 404, 72, 350, 35, 36, 43, 402, 272, 346], [27, 28, 35, 36, 51, 57, 58, 75, 76, 161, 162, 173, 30, 33, 34, 52, 103, 452, 172, 224, 29, 104, 150, 155, 156], [25, 57, 58, 71, 72, 75, 161, 162, 26, 281, 300, 323, 76, 393, 452, 52, 290, 410, 19, 20, 154, 268, 272, 346, 327, 337, 380], [7, 39, 40, 53, 54, 80, 81, 155, 156, 380, 23, 452, 323, 42, 300, 402, 410, 268, 290, 350, 404, 41, 154, 345, 24, 272, 346, 294, 385, 270, 13, 382, 384, 34, 289, 325, 401, 434, 224, 280, 356, 392, 33, 225, 253, 355, 25], [7, 23, 24, 53, 54, 81, 155, 156, 225, 443, 29, 30, 80, 166, 167, 253, 35, 39, 13, 14, 36, 40, 123, 185, 434, 447, 184], [7, 13, 24, 39, 40, 42, 53, 54, 80, 81, 155, 156, 225, 253, 380, 14, 23, 268, 41, 350, 264, 319, 376, 323, 300, 71, 72, 33, 272, 384, 161, 290, 289, 404, 327, 280, 434, 452, 162, 392, 26, 345, 402, 154]], "rssi": [[-82.05, -76.0, -76.17948717948718, -90.0, -89.9375, -74.3, -73.675, -81.78947368421052, -82.26315789473684, -66.125, -66.375, -64.8, -64.44736842105263, -79.84615384615384, -80.575, -82.15384615384616, -80.93548387096774, -81.3076923076923, -91.61538461538461, -86.23076923076923, -94.0, -94.0, -89.0, -93.0, -95.0, -83.5, -90.0, -77.71428571428571, -59.35, -74.6, -80.0], [-82.75, -83.2, -73.009009009009, -72.24038461538461, -79.29545454545455, -78.525, -77.45833333333333, -77.42553191489361, -49.78448275862069, -49.73275862068966, -75.07058823529412, -74.01136363636364, -70.34210526315789, -73.52873563218391, -86.0, -88.83333333333333, -86.21428571428571, -92.0, -90.0, -93.0, -90.25, -82.05555555555556, -85.33333333333333, -94.0, -86.18181818181819, -84.85714285714286, -90.5, -94.0, -84.8, -92.5, -95.0, -83.0, -86.23529411764706, -81.85, -87.0, -82.11111111111111, -89.0, -84.35, -89.0, -77.6875, -89.0, -91.0, -87.0], [-86.6, -85.44736842105263, -87.57142857142857, -87.12903225806451, -64.525, -64.45, -84.17543859649123, -84.0701754385965, -86.46341463414635, -86.46341463414635, -88.25806451612904, -90.85714285714286, -90.45454545454545, -91.29411764705883, -88.95833333333333, -88.72340425531915, -83.0909090909091, -92.66666666666667, -87.84615384615384, -92.33333333333333, -92.0, -93.0, -91.33333333333333, -89.71428571428571, -86.36363636363636, -89.4, -91.5, -91.0, -88.9090909090909, -92.0, -88.0, -90.0, -85.0, -89.33333333333333, -89.0, -87.66666666666667, -87.66666666666667], [-55.0, -87.57894736842105, -77.73333333333333, -77.56666666666666, -86.93333333333334, -87.35897435897436, -45.46666666666667, -45.416666666666664, -76.91525423728814, -76.94827586206897, -82.91071428571429, -83.05263157894737, -83.16666666666667, -83.10169491525424, -86.78260869565217, -85.82142857142857, -89.0, -88.33333333333333, -86.25, -89.7741935483871, -90.0, -89.81818181818181, -90.66666666666667, -78.93333333333334, -89.0, -90.0, -71.9], [-92.0, -81.71428571428571, -81.73333333333333, -77.27586206896552, -78.02352941176471, -66.36, -66.18, -74.18181818181819, -77.07692307692308, -66.96511627906976, -66.77906976744185, -66.66666666666667, -66.81111111111112, -81.85106382978724, -81.83116883116882, -87.9375, -88.82608695652173, -81.96969696969697, -79.57894736842105, -94.0, -95.0, -90.0, -95.0, -79.0, -82.66666666666667, -89.36363636363636, -88.0, -90.0, -89.0], [-82.60714285714286, -92.2, -91.625, -68.21666666666667, -68.83050847457628, -85.0, -81.0701754385965, -80.92857142857143, -45.9, -46.05, -81.37931034482759, -80.94736842105263, -84.8695652173913, -90.28571428571429, -90.5, -88.41176470588235, -90.4, -91.5, -93.5, -92.0, -87.54545454545455, -91.0, -85.29032258064517, -87.95454545454545, -84.63157894736842, -93.0, -92.75, -87.0, -91.27272727272727, -90.7, -90.0, -86.33333333333333, -95.0, -91.0, -87.04761904761905, -86.0, -86.0, -89.0, -66.66666666666667, -88.25, -88.0, -85.0, -87.0, -85.5, -90.0, -91.0, -90.0], [-87.33333333333333, -68.79411764705883, -68.69565217391305, -83.55555555555556, -83.91666666666667, -50.34285714285714, -50.214285714285715, -90.0, -95.0, -94.0, -94.0, -80.04255319148936, -93.0, -87.0, -91.0, -88.23076923076923, -82.77272727272727, -93.5, -83.66666666666667, -91.0, -92.0, -87.72727272727273, -86.0909090909091, -83.81818181818181, -83.42857142857143, -88.0, -83.0, -82.9090909090909, -83.0, -90.0, -87.5625, -86.0, -84.77777777777777, -85.0, -85.0, -88.0, -80.0, -84.0, -86.0, -88.0], [-84.0, -86.0, -72.62745098039215, -74.86440677966101, -94.0, -63.86666666666667, -64.1, -61.76923076923077, -63.57142857142857, -86.5, -86.24, -87.30434782608695, -88.875, -88.71428571428571, -88.33333333333333, -83.86363636363636, -83.6590909090909, -84.78125, -85.16129032258064, -80.4, -85.75, -85.95238095238095, -78.48, -82.8, -84.34615384615384, -87.3, -85.33333333333333, -89.57894736842105, -93.0, -92.0, -89.0909090909091, -88.66666666666667, -91.0, -86.75, -93.0, -69.58333333333333, -88.0, -89.8, -87.0, -88.5, -91.5, -91.0, -89.11764705882354, -88.0, -74.35, -84.75, -70.73333333333333, -86.0, -64.0909090909091, -82.7, -82.85714285714286, -70.0, -70.0, -83.28571428571429, -87.0, -81.0, -89.0, -83.0, -83.0, -81.0, -80.0, -84.0, -81.0, -79.0, -84.0, -83.0, -84.0], [-67.14516129032258, -75.38461538461539, -76.02586206896552, -87.47272727272727, -87.3921568627451, -81.78217821782178, -82.46153846153847, -61.71311475409836, -61.74590163934426, -67.64754098360656, -67.86065573770492, -70.72131147540983, -70.65573770491804, -77.23140495867769, -77.62809917355372, -82.70370370370371, -90.66666666666667, -89.625, -92.75, -87.325, -79.76190476190476, -87.33333333333333, -95.0, -88.66666666666667, -90.6, -68.03333333333333, -66.0, -86.22222222222223, -81.5], [-75.73333333333333, -75.93333333333334, -81.0677966101695, -80.41818181818182, -71.28358208955224, -71.94285714285714, -69.3, -69.5, -62.43478260869565, -61.98550724637681, -66.5, -66.52857142857142, -79.04545454545455, -79.86440677966101, -93.16666666666667, -89.625, -90.66666666666667, -87.88888888888889, -92.5, -95.0, -93.5, -91.0, -84.59375, -82.96, -90.0, -82.25, -85.0, -86.0], [-76.3225806451613, -76.06451612903226, -86.70689655172414, -85.92156862745098, -85.52941176470588, -58.29032258064516, -58.25806451612903, -75.68493150684931, -75.86567164179104, -75.18181818181819, -75.37662337662337, -90.1, -89.5, -86.5, -87.10204081632654, -84.95081967213115, -93.33333333333333, -88.5952380952381, -89.45454545454545, -90.8, -90.11111111111111, -94.5, -91.0, -88.0, -88.57142857142857], [-90.5, -90.0625, -89.5625, -61.2, -61.3, -91.41666666666667, -88.0, -87.9, -90.05555555555556, -94.66666666666667, -94.33333333333333, -95.0, -91.5, -95.0, -94.33333333333333, -94.75, -94.0, -95.0, -90.5, -93.0, -94.33333333333333, -95.0, -94.0, -93.75, -95.0, -94.0, -95.0], [-86.08108108108108, -71.68354430379746, -72.2625, -86.28947368421052, -86.22972972972973, -53.25, -53.3375, -85.78461538461538, -86.046875, -88.92307692307692, -93.5, -90.45454545454545, -88.0, -88.45, -94.5, -87.6, -93.0, -91.14285714285714, -94.0, -90.25, -89.6923076923077, -86.85714285714286, -89.4, -90.0, -94.75, -94.0, -89.0, -92.75, -94.0, -87.0, -94.0, -95.0, -90.71428571428571, -88.5, -91.0, -89.71428571428571, -87.05882352941177, -72.65, -90.0, -90.0, -88.0, -88.0, -88.4, -87.0, -89.0, -90.0, -73.0], [-66.75, -77.75, -77.85, -47.72, -47.7, -81.75, -85.55813953488372, -85.025, -88.16279069767442, -81.36842105263158, -86.17948717948718, -86.45, -80.69767441860465, -86.79411764705883, -86.5, -88.54761904761905, -88.33333333333333, -89.35714285714286, -87.4, -88.04166666666667, -88.15789473684211, -88.0, -88.0, -90.0, -81.57142857142857, -80.9, -89.11111111111111], [-77.61538461538461, -81.46666666666667, -84.97297297297297, -77.46478873239437, -78.63888888888889, -78.3076923076923, -73.88607594936708, -73.60759493670886, -51.075949367088604, -51.0126582278481, -66.9493670886076, -66.67088607594937, -78.80263157894737, -79.0909090909091, -88.33333333333333, -81.26865671641791, -84.36111111111111, -83.93333333333334, -81.92307692307692, -90.0, -90.0, -91.66666666666667, -91.0, -88.66666666666667, -95.0, -93.83333333333333, -93.83333333333333, -92.0, -93.66666666666667, -94.0, -86.0, -92.66666666666667, -89.0, -83.71428571428571, -93.0, -88.0, -54.375, -88.3125, -83.0, -87.0, -84.77777777777777, -82.85714285714286, -83.0, -89.0]], "edges": [[4, 10, 10.779360783071647], [12, 14, 18.77869526039565], [9, 2, 41.949296571855335], [6, 1, 11.528207876095221], [10, 9, 24.404946570409138], [4, 9, 15.727452076199185], [8, 13, 23.926387940735246], [3, 13, 10.471013538511263], [6, 11, 43.30521254033442], [11, 6, 43.30521254033442], [1, 10, 34.1020787504239], [6, 4, 38.47604283269294], [1, 6, 11.528207876095221], [5, 0, 22.556258816864474], [14, 0, 11.740083815060345], [2, 10, 18.515680092277552], [6, 10, 43.014697799135405], [7, 0, 16.215543679278742], [8, 5, 32.49708221083483], [7, 13, 45.360875947381885], [13, 3, 10.471013538511263], [1, 11, 31.860154766251725], [4, 11, 19.192952868146747], [11, 9, 19.151949905038055], [11, 2, 47.702685244029915], [14, 3, 33.83907784307294], [4, 1, 27.96135420618859], [12, 8, 39.52513381421411], [0, 13, 37.39204757357625], [4, 2, 29.283303507698967], [13, 8, 23.926387940735246], [5, 7, 37.0230347653461], [10, 11, 29.60029616372801], [10, 4, 10.779360783071647], [0, 14, 11.740083815060345], [5, 14, 10.88440943936557], [9, 1, 13.734260127537107], [0, 8, 14.341355063640222], [3, 8, 13.467907902368328], [6, 9, 25.185723794012997], [12, 0, 30.399151181398736], [3, 7, 35.02804513659594], [4, 6, 38.47604283269294], [10, 1, 34.1020787504239], [10, 2, 18.515680092277552], [11, 1, 31.860154766251725], [3, 14, 33.83907784307294], [11, 7, 18.71347238597687], [7, 5, 37.0230347653461], [14, 12, 18.77869526039565], [0, 7, 16.215543679278742], [0, 3, 27.21475947694114], [5, 8, 32.49708221083483], [7, 12, 44.88687748044477], [14, 13, 42.891294654368856], [13, 14, 42.891294654368856], [8, 7, 22.232669054624], [8, 0, 14.341355063640222], [8, 3, 13.467907902368328], [5, 12, 7.903426966896832], [14, 8, 23.28460366378879], [1, 2, 49.12335567239516], [0, 5, 22.556258816864474], [7, 14, 26.36900216779576], [10, 6, 43.014697799135405], [11, 10, 29.60029616372801], [9, 11, 19.151949905038055], [2, 4, 29.283303507698967], [2, 1, 49.12335567239516], [12, 5, 7.903426966896832], [13, 7, 45.360875947381885], [11, 4, 19.192952868146747], [13, 0, 37.39204757357625], [8, 14, 23.28460366378879], [1, 4, 27.96135420618859], [12, 7, 44.88687748044477], [7, 8, 22.232669054624], [14, 7, 26.36900216779576], [7, 11, 18.71347238597687], [0, 12, 30.399151181398736], [7, 3, 35.02804513659594], [3, 0, 27.21475947694114], [8, 12, 39.52513381421411], [9, 10, 24.404946570409138], [2, 11, 47.702685244029915], [2, 9, 41.949296571855335], [1, 9, 13.734260127537107], [14, 5, 10.88440943936557], [9, 6, 25.185723794012997], [9, 4, 15.727452076199185]]}