{"rp_ids": ["rp_0", "rp_1", "rp_2", "rp_3", "rp_4", "rp_5", "rp_6", "rp_7", "rp_8", "rp_9", "rp_10", "rp_11", "rp_12", "rp_13", "rp_14", "rp_15", "rp_16"], "coords": [[28.534081911832725, -25.517781593031376], [-21.974146713850434, 2.066657045545677], [-31.429183496199357, 65.56745250336826], [54.8554147086226, -7.678054966586583], [26.476636649382574, -47.211129390634596], [-25.79503106608983, -31.915464616380632], [2.369908663593196, 19.689666340313853], [-77.88828165004355, -8.557115165613078], [13.926920702612087, -14.020689623509297], [-48.910262628894685, 46.859038806976564], [-15.512522060145676, -16.02147523533174], [22.589155296979524, -63.1014401223067], [-73.65368262790267, 8.357233908177625], [69.02593576052918, 12.721455077922457], [-43.143252598957325, 71.35647176645163], [-50.758116129823065, 17.238950355909765], [-33.556851490090374, 11.965934081155973]], "ap_ids": [[107, 109, 110, 114, 115, 116, 174, 175, 176, 180, 186, 188, 189, 255, 262, 274, 284, 288, 310, 317, 318, 329, 340, 344, 366, 374, 386, 390, 400, 15, 16, 88, 113, 165, 178, 179, 181, 248, 295, 314, 405, 111, 112, 278, 334, 351, 370, 396, 6, 108, 187, 261, 315, 316, 371, 372, 259, 263, 375, 148, 89, 368, 164, 367, 102, 177, 258, 338, 478, 82, 260, 369, 503], [15, 16, 37, 38, 88, 89, 170, 178, 179, 222, 223, 123, 167, 171, 149, 148, 182, 183, 166, 120], [90, 91, 103, 104, 105, 106, 167, 168, 172, 173, 191, 192, 248, 35, 125, 126, 222, 223, 166, 169, 454, 46, 36, 170, 8, 142, 143, 171, 182, 27, 55, 56, 449], [101, 107, 108, 113, 114, 115, 116, 140, 141, 146, 147, 164, 165, 174, 175, 176, 177, 180, 181, 188, 189, 274, 284, 329, 340, 386, 396, 102, 133, 222, 223, 248, 145, 478, 503, 11, 144, 400, 6, 12, 132, 127, 432, 131, 187, 288, 295, 316, 344, 351, 370, 405], [84, 108, 109, 110, 111, 112, 115, 116, 164, 165, 174, 175, 179, 186, 187, 188, 189, 274, 284, 288, 295, 316, 329, 334, 340, 344, 366, 370, 372, 386, 396, 400, 15, 16, 89, 178, 255, 259, 262, 263, 278, 310, 311, 317, 318, 351, 374, 375, 390, 85, 180, 261, 314, 82, 83, 257, 258, 286, 312, 342, 368, 369, 371], [15, 16, 37, 38, 88, 89, 148, 149, 164, 167, 178, 179, 189, 367, 400, 166, 184, 186, 187, 310, 311, 312, 374, 375, 183, 185, 308, 364, 175, 188, 256, 262, 263, 174, 288, 368, 112, 317, 182, 415, 257, 123, 21, 22, 165, 295, 314, 344, 405, 170, 171, 124, 111, 10, 259, 351, 366, 255, 109, 110, 222, 278, 390, 120, 334], [15, 16, 37, 38, 88, 89, 91, 168, 169, 178, 179, 191, 192, 222, 223, 248, 90, 56, 86, 55, 176, 177], [15, 16, 45, 119, 120, 123, 124, 129, 130, 148, 166, 167, 170, 171, 182, 183, 184, 185, 46, 137, 490, 179, 149, 88, 89, 178, 446, 172, 91, 173, 30, 90], [37, 178, 179, 223, 312, 368, 400, 15, 16, 38, 255, 256, 278, 310, 311, 334, 370, 344, 374, 165, 175, 222, 257, 288, 317, 366, 367, 262, 10, 109, 111, 174, 188, 189, 259, 263, 295, 314, 318, 351, 375, 390, 88, 89, 148, 149, 167, 91, 113, 116, 248, 21, 22, 396, 405, 115, 164, 112, 284], [90, 91, 103, 104, 105, 106, 125, 126, 166, 167, 168, 169, 171, 172, 173, 191, 192, 119, 120, 135, 183, 170, 134, 182, 223, 222, 248, 184, 185, 36, 142, 143, 468, 45, 46], [15, 16, 37, 38, 178, 179, 222, 223, 255, 256, 344, 370, 88, 89, 148, 149, 167, 262, 367, 368, 183, 310, 366, 189, 166, 182, 188, 288, 311, 374, 400, 164, 312, 257, 317, 170, 171, 10, 174, 165, 278, 110, 111, 112, 187, 295, 351, 390, 405, 175, 186, 334, 109, 375, 120], [15, 77, 78, 83, 84, 85, 109, 110, 111, 112, 148, 149, 164, 165, 174, 175, 186, 187, 188, 189, 257, 258, 260, 274, 286, 312, 315, 329, 338, 342, 367, 368, 369, 371, 372, 386, 398, 400, 16, 82, 88, 89, 179, 255, 259, 261, 262, 263, 278, 288, 310, 314, 316, 317, 318, 334, 370, 374, 375, 390, 59, 282, 313, 394, 256, 295, 344, 366, 311, 178, 351], [91, 119, 120, 123, 124, 136, 137, 166, 167, 170, 171, 173, 182, 183, 184, 185, 15, 16, 45, 46, 90, 105, 106, 126, 135, 169, 172, 129, 130, 168, 446, 148, 149, 29, 415, 308, 364, 89], [11, 12, 113, 114, 115, 116, 121, 144, 145, 146, 147, 176, 177, 181, 248, 418, 478, 503, 55, 56, 86, 108, 222, 223, 362, 413, 180, 107, 189, 489, 198, 449, 6, 140, 141, 432, 112, 175, 261, 284, 340, 396], [46, 90, 91, 103, 104, 105, 106, 168, 169, 172, 173, 191, 192, 8, 36, 142, 150, 151, 156, 248, 125, 222, 35, 126, 223, 17, 143, 404, 45, 55, 56, 373, 170, 171, 294, 345, 401, 350, 29, 30], [88, 90, 91, 105, 106, 119, 120, 134, 135, 166, 167, 168, 169, 170, 171, 172, 182, 183, 185, 191, 103, 104, 126, 136, 137, 142, 143, 173, 184], [37, 38, 91, 178, 179, 248, 222, 223, 10, 89, 90, 167, 170, 171, 183, 16, 88, 168, 169, 15, 149, 182]], "rssi": [[-85.16071428571429, -86.5, -87.5, -83.08196721311475, -79.91780821917808, -79.83561643835617, -81.8082191780822, -81.66666666666667, -88.0952380952381, -84.5, -87.68085106382979, -84.72602739726027, -84.95890410958904, -89.10526315789474, -85.88235294117646, -87.38709677419355, -83.01587301587301, -85.36, -87.82608695652173, -85.625, -92.83333333333333, -87.51428571428572, -82.61538461538461, -85.10204081632654, -88.82352941176471, -86.54285714285714, -88.0, -85.83333333333333, -84.65714285714286, -91.1875, -91.875, -91.0, -85.28888888888889, -84.54347826086956, -88.79166666666667, -87.14634146341463, -84.38983050847457, -88.2, -82.77083333333333, -88.825, -81.9, -92.66666666666667, -94.4, -83.38461538461539, -87.41176470588235, -81.26666666666667, -87.79166666666667, -82.54545454545455, -94.0, -85.44067796610169, -88.30434782608695, -89.75, -88.41666666666667, -83.0, -90.19047619047619, -85.63636363636364, -87.02380952380952, -92.2, -91.0, -95.0, -91.0, -95.0, -83.95121951219512, -92.0, -91.22222222222223, -88.56521739130434, -89.89473684210526, -76.0, -83.33333333333333, -90.0, -90.88235294117646, -90.0, -88.7], [-85.89285714285714, -86.27586206896552, -84.41379310344827, -84.07142857142857, -84.16666666666667, -84.24137931034483, -93.13333333333334, -70.7, -70.9, -85.9, -88.23076923076923, -95.0, -95.0, -93.5, -94.42857142857143, -94.33333333333333, -93.4, -93.66666666666667, -95.0, -95.0], [-74.9, -74.8125, -81.58823529411765, -81.66666666666667, -88.33333333333333, -88.10204081632654, -93.80952380952381, -89.5576923076923, -67.3625, -67.5125, -81.21794871794872, -81.2625, -82.67857142857143, -92.0, -93.54545454545455, -92.57142857142857, -90.5, -90.66666666666667, -94.11764705882354, -88.73469387755102, -95.0, -94.0, -93.8, -91.27272727272727, -94.75, -89.0, -90.0, -91.70588235294117, -93.0, -94.0, -91.6, -92.55555555555556, -94.5], [-82.144578313253, -74.44859813084112, -74.84347826086956, -60.74683544303797, -61.075949367088604, -58.860759493670884, -59.05907172995781, -87.24657534246575, -85.95505617977528, -80.80341880341881, -81.31782945736434, -88.66666666666667, -86.7, -80.46428571428571, -86.55882352941177, -79.15315315315316, -79.32272727272728, -76.01777777777778, -76.58260869565217, -85.8409090909091, -85.66666666666667, -85.0, -85.63, -87.73333333333333, -85.7625, -87.89473684210526, -85.0657894736842, -85.53623188405797, -88.0, -81.47272727272727, -83.11340206185567, -83.68115942028986, -85.10084033613445, -82.9496855345912, -81.57657657657657, -86.53125, -85.57575757575758, -88.63636363636364, -88.88235294117646, -84.80645161290323, -87.18181818181819, -79.4, -87.46666666666667, -91.0, -80.0, -84.0, -82.6, -81.0, -84.0, -85.75, -86.0, -88.0], [-88.8, -89.0, -72.03333333333333, -71.91666666666667, -82.30434782608695, -79.76086956521739, -75.71428571428571, -81.0, -69.83333333333333, -70.41666666666667, -54.333333333333336, -54.483333333333334, -85.27586206896552, -81.63793103448276, -81.58181818181818, -67.06666666666666, -67.18333333333334, -86.2, -84.0, -85.21951219512195, -83.6, -86.93333333333334, -85.95454545454545, -82.42857142857143, -85.70588235294117, -83.96551724137932, -84.16666666666667, -86.88, -87.56666666666666, -85.46428571428571, -86.15, -84.17241379310344, -88.60714285714286, -88.62068965517241, -84.0, -84.10526315789474, -82.15384615384616, -86.12, -85.0, -91.0, -84.8, -85.0, -86.0, -85.66666666666667, -90.85, -86.88461538461539, -82.66666666666667, -91.18181818181819, -82.2, -88.66666666666667, -89.0, -86.0, -90.04347826086956, -85.0, -84.0, -79.0, -90.0, -92.0, -88.0, -86.0, -81.0, -86.0, -90.0], [-87.58620689655173, -87.66379310344827, -90.18181818181819, -89.97101449275362, -85.95238095238095, -86.01960784313725, -76.09243697478992, -76.12711864406779, -91.61904761904762, -89.80263157894737, -70.93333333333334, -70.89166666666667, -87.8953488372093, -91.0, -94.0, -89.56521739130434, -84.41538461538461, -86.04255319148936, -86.81632653061224, -93.0, -89.1304347826087, -90.28125, -92.17857142857143, -95.0, -94.23529411764706, -84.87272727272727, -93.0, -94.66666666666667, -93.44444444444444, -87.6, -89.81818181818181, -91.04545454545455, -93.0, -93.625, -94.15384615384616, -90.875, -93.5, -91.96296296296296, -93.57142857142857, -94.0, -91.03125, -94.6, -94.375, -94.1875, -91.26666666666667, -93.6, -94.33333333333333, -94.44444444444444, -92.8, -93.23529411764706, -93.375, -95.0, -93.88888888888889, -94.0, -93.33333333333333, -93.66666666666667, -93.0, -94.0, -92.0, -95.0, -95.0, -94.33333333333333, -94.75, -95.0, -92.0], [-82.85714285714286, -82.71428571428571, -66.46, -66.54, -88.7, -88.375, -88.66666666666667, -89.0, -89.77777777777777, -82.7, -82.54, -92.83333333333333, -92.21052631578948, -66.88, -68.26, -85.21052631578948, -93.0, -94.5, -93.8, -95.0, -95.0, -94.0], [-86.25531914893617, -86.45098039215686, -91.66666666666667, -89.22, -89.20370370370371, -72.41379310344827, -72.29310344827586, -86.74545454545455, -87.11111111111111, -89.81818181818181, -52.46551724137931, -52.08620689655172, -73.10344827586206, -73.25862068965517, -85.73214285714286, -85.57894736842105, -70.40350877192982, -70.85964912280701, -91.33333333333333, -95.0, -91.3, -93.66666666666667, -89.2, -92.5, -93.16666666666667, -93.66666666666667, -93.0, -94.0, -95.0, -93.0, -95.0, -95.0], [-93.03846153846153, -83.32758620689656, -83.30508474576271, -92.42857142857143, -91.33333333333333, -91.57894736842105, -91.33333333333333, -92.65116279069767, -92.43589743589743, -92.51612903225806, -89.67567567567568, -89.875, -89.35714285714286, -88.23333333333333, -90.5, -91.51724137931035, -92.6923076923077, -89.35714285714286, -90.82352941176471, -95.0, -94.0, -92.87878787878788, -91.65217391304348, -89.56, -91.17647058823529, -89.17142857142858, -86.07142857142857, -91.63636363636364, -94.6, -95.0, -95.0, -95.0, -92.88888888888889, -92.875, -92.14285714285714, -91.0, -92.11111111111111, -92.16666666666667, -92.2, -91.5, -92.33333333333333, -90.41176470588235, -67.0, -85.0, -91.66666666666667, -84.0, -93.0, -94.0, -94.0, -93.6, -92.0, -94.0, -92.57142857142857, -95.0, -92.0, -94.33333333333333, -95.0, -95.0, -95.0], [-60.33673469387755, -60.41836734693877, -82.70526315789473, -83.1938775510204, -78.68041237113403, -79.0, -91.85714285714286, -91.34782608695652, -92.38888888888889, -92.38095238095238, -78.2421052631579, -77.33684210526316, -90.9245283018868, -61.93877551020408, -62.02040816326531, -84.98666666666666, -85.35064935064935, -91.9090909090909, -91.25714285714285, -91.6086956521739, -92.9, -91.06818181818181, -91.8695652173913, -93.09756097560975, -89.7, -90.30434782608695, -87.81818181818181, -93.0, -92.0, -94.0, -90.6, -90.4, -94.42857142857143, -94.66666666666667, -94.66666666666667], [-80.5934065934066, -80.72631578947369, -84.34545454545454, -84.08571428571429, -59.28813559322034, -59.38135593220339, -92.65625, -92.38983050847457, -91.53571428571429, -89.6, -92.75, -93.5, -72.65517241379311, -72.70689655172414, -85.34285714285714, -85.0, -93.85714285714286, -94.38095238095238, -90.13793103448276, -92.0, -94.05, -90.18518518518519, -90.7741935483871, -89.93877551020408, -93.5, -94.2, -88.58536585365853, -93.33333333333333, -89.96666666666667, -94.35, -93.0, -91.33333333333333, -90.83333333333333, -90.3076923076923, -94.06666666666666, -93.375, -93.6875, -95.0, -93.66666666666667, -91.9375, -90.66666666666667, -95.0, -91.85714285714286, -91.71428571428571, -90.75, -92.5, -92.83333333333333, -91.8125, -92.5, -94.4, -90.11111111111111, -88.2, -95.0, -95.0, -95.0], [-84.03508771929825, -87.625, -86.2, -81.7375, -81.89830508474576, -81.18181818181819, -83.80246913580247, -85.25, -72.21428571428571, -72.16666666666667, -76.5, -79.33333333333333, -79.57142857142857, -80.59740259740259, -65.88095238095238, -66.01190476190476, -68.54761904761905, -68.75, -53.17857142857143, -53.166666666666664, -80.23880597014926, -82.4054054054054, -84.48484848484848, -82.18181818181819, -82.21951219512195, -81.6376811594203, -84.30434782608695, -84.1304347826087, -82.5, -85.50847457627118, -87.54545454545455, -81.3108108108108, -81.52173913043478, -86.55172413793103, -84.7, -86.6, -84.31111111111112, -87.95, -85.70967741935483, -82.07575757575758, -83.54545454545455, -86.5, -88.76923076923077, -78.0, -83.64285714285714, -87.55555555555556, -79.25, -81.85, -85.63636363636364, -85.92592592592592, -82.0, -84.21739130434783, -85.33333333333333, -82.13636363636364, -83.1470588235294, -84.53333333333333, -85.06896551724138, -79.95238095238095, -83.25, -82.0, -90.0, -84.95238095238095, -80.5, -83.7, -87.80952380952381, -89.0, -86.0, -87.0, -92.42857142857143, -91.0, -90.0], [-86.5625, -74.75806451612904, -73.86440677966101, -79.19354838709677, -79.20967741935483, -85.54545454545455, -85.37777777777778, -54.03225806451613, -53.88709677419355, -59.596774193548384, -59.83870967741935, -93.4375, -72.50819672131148, -73.06451612903226, -76.69354838709677, -76.09836065573771, -91.83333333333333, -91.6875, -92.52631578947368, -92.42105263157895, -89.11111111111111, -86.0, -89.0, -91.0, -93.0, -93.25, -93.91666666666667, -92.25, -90.375, -94.2, -95.0, -95.0, -94.5, -94.75, -94.83333333333333, -94.4, -94.5, -95.0], [-85.9090909090909, -85.625, -64.83193277310924, -64.97478991596638, -76.09174311926606, -76.35714285714286, -90.0, -88.08333333333333, -87.53571428571429, -75.73451327433628, -76.81512605042016, -78.26724137931035, -78.54700854700855, -86.61538461538461, -79.23684210526316, -88.0, -85.08571428571429, -84.53488372093024, -87.125, -87.5, -85.23333333333333, -86.34782608695652, -89.1, -88.46153846153847, -87.0, -84.0, -86.25, -86.975, -87.45454545454545, -89.0, -89.44444444444444, -91.0, -89.0, -88.75, -89.0, -88.5, -90.0, -80.0, -87.0, -80.0, -83.0, -82.0], [-90.47058823529412, -75.02941176470588, -75.40579710144928, -80.52542372881356, -80.05084745762711, -86.48837209302326, -87.41666666666667, -90.75, -90.46875, -62.94285714285714, -62.97142857142857, -81.36764705882354, -81.71014492753623, -88.58974358974359, -94.66666666666667, -94.8, -82.05555555555556, -86.40625, -94.0, -86.3695652173913, -93.38095238095238, -89.6, -93.8, -93.11111111111111, -89.0, -95.0, -93.8, -93.0, -91.45, -94.0, -91.0, -95.0, -92.0, -94.0, -93.6, -92.5, -95.0, -93.25, -95.0, -94.5], [-95.0, -73.4, -73.7, -87.75, -87.0, -90.9, -89.8, -92.2, -93.5, -85.5, -85.6, -85.88888888888889, -86.5, -81.5, -81.8, -93.0, -85.1, -85.5, -92.5, -95.0, -91.0, -90.0, -93.0, -94.0, -93.6, -90.66666666666667, -92.57142857142857, -74.0, -90.0], [-91.6829268292683, -91.48780487804878, -92.89473684210526, -86.27692307692308, -86.22388059701493, -90.90243902439025, -93.79310344827586, -93.89655172413794, -94.54545454545455, -93.375, -92.34285714285714, -95.0, -92.65217391304348, -92.9090909090909, -94.5, -94.45454545454545, -94.71428571428571, -91.0, -93.75, -94.84615384615384, -95.0, -95.0]], "edges": [[5, 8, 43.56668938949314], [0, 3, 31.797301871474087], [1, 16, 15.236624815269716], [3, 8, 41.41703316259188], [5, 7, 57.09044793541882], [3, 0, 31.797301871474087], [6, 3, 59.19223356433672], [3, 13, 24.838350930336595], [7, 16, 48.85152249840443], [8, 13, 61.24576527062822], [12, 7, 17.43637099480167], [16, 12, 40.25889447355314], [4, 5, 54.463608094241366], [14, 15, 54.65063833308964], [8, 0, 18.58903661699038], [11, 4, 16.358926811205404], [15, 12, 24.557928502337095], [16, 1, 15.236624815269716], [0, 8, 18.58903661699038], [14, 9, 25.167094116909357], [16, 5, 44.56257407227055], [15, 7, 37.4363844080229], [10, 0, 45.058663494422355], [13, 3, 24.838350930336595], [7, 5, 57.09044793541882], [8, 10, 29.507353884178876], [14, 6, 68.85424192490474], [12, 1, 52.0609814501849], [11, 10, 60.5661696922074], [5, 1, 34.196253447989726], [11, 5, 57.563830295355146], [8, 3, 41.41703316259188], [5, 4, 54.463608094241366], [7, 1, 56.91445353912661], [16, 15, 17.991336966438503], [13, 4, 73.50073153330209], [11, 8, 49.839285485378475], [16, 2, 53.64372981308245], [2, 15, 52.05047316376734], [6, 10, 39.93828941285697], [16, 10, 33.3000436159623], [1, 8, 39.3406833251755], [6, 14, 68.85424192490474], [0, 13, 55.69407014468788], [6, 13, 67.01926526413718], [1, 10, 19.207631883599934], [6, 1, 30.053344053923976], [15, 1, 32.53790681090852], [0, 4, 21.79069571344052], [5, 16, 44.56257407227055], [1, 7, 56.91445353912661], [8, 1, 39.3406833251755], [0, 10, 45.058663494422355], [16, 9, 38.121594811920495], [3, 4, 48.664350581847096], [1, 6, 30.053344053923976], [14, 16, 60.15924744184064], [4, 10, 52.30567823345141], [10, 6, 39.93828941285697], [4, 13, 73.50073153330209], [9, 15, 29.67767178216502], [2, 16, 53.64372981308245], [8, 4, 35.483808452303954], [13, 8, 61.24576527062822], [15, 9, 29.67767178216502], [0, 11, 38.05093350893195], [1, 15, 32.53790681090852], [9, 14, 25.167094116909357], [6, 8, 35.63639468966655], [15, 14, 54.65063833308964], [16, 14, 60.15924744184064], [4, 11, 16.358926811205404], [15, 16, 17.991336966438503], [6, 2, 56.98376868941802], [5, 11, 57.563830295355146], [13, 6, 67.01926526413718], [7, 15, 37.4363844080229], [10, 5, 18.9301053853965], [10, 8, 29.507353884178876], [8, 11, 49.839285485378475], [8, 5, 43.56668938949314], [12, 16, 40.25889447355314], [6, 16, 36.74762761256108], [1, 12, 52.0609814501849], [15, 2, 52.05047316376734], [11, 0, 38.05093350893195], [9, 16, 38.121594811920495], [3, 6, 59.19223356433672], [5, 10, 18.9301053853965], [2, 9, 25.60454785148319], [10, 16, 33.3000436159623], [8, 6, 35.63639468966655], [2, 6, 56.98376868941802], [4, 3, 48.664350581847096], [0, 6, 52.23291405244411], [13, 0, 55.69407014468788], [1, 5, 34.196253447989726], [14, 2, 13.066451659595241], [12, 15, 24.557928502337095], [10, 4, 52.30567823345141], [4, 0, 21.79069571344052], [9, 2, 25.60454785148319], [10, 11, 60.5661696922074], [7, 12, 17.43637099480167], [6, 0, 52.23291405244411], [2, 14, 13.066451659595241], [16, 6, 36.74762761256108], [9, 12, 45.76708220667433], [16, 7, 48.85152249840443], [4, 8, 35.483808452303954], [10, 1, 19.207631883599934], [12, 9, 45.76708220667433]]}