{"rp_ids": ["rp_0", "rp_1", "rp_2", "rp_3", "rp_4", "rp_5", "rp_6", "rp_7", "rp_8", "rp_9", "rp_10", "rp_11", "rp_12", "rp_13", "rp_14", "rp_15"], "coords": [[-6.811650265884283, 18.424041235222457], [35.86994815257927, -19.99625559973166], [8.146299286505467, -60.86142701358903], [-47.887670480409724, -29.76511771325022], [18.539858516893986, 6.473428250994119], [-24.575488799343848, 30.492167250472395], [32.94437380747057, -0.8847273383568415], [-25.8725621489923, -43.93975937894235], [-36.97092277088946, 20.090051311500154], [-54.55345804987451, -11.751356823691907], [46.44558488667454, -3.9066393813342755], [19.255429518645542, -48.93258437483261], [-17.487192923897965, -51.85837883967906], [-14.27271651666631, 24.754743886947193], [8.453624219870107, -73.04880173970014], [1.1831654826727949, 15.505857559416171]], "ap_ids": [[59, 60, 61, 62, 65, 66, 67, 69, 70, 73, 74, 78, 84, 96, 97, 121, 122, 203, 204, 277, 332, 389, 489, 495, 496, 501, 502, 516, 517, 85, 68, 77, 83, 503, 63, 64, 132, 82, 87, 486], [67, 68, 98, 99, 495, 501, 516, 69, 70, 77, 78, 277, 502, 73, 74, 96, 97, 117, 204, 84, 85, 332, 389, 517, 87, 203, 59, 60, 61, 496, 122, 62, 63, 65, 66, 121, 131, 132, 144, 145, 428, 478, 489, 503, 82, 83, 118, 456], [59, 61, 62, 65, 66, 67, 68, 73, 74, 87, 277, 332, 389, 486, 60, 69, 132, 502, 131, 517, 501, 97, 96, 496, 70, 516, 144, 145, 495, 64], [59, 60, 67, 69, 70, 87, 96, 277, 332, 389, 495, 496, 68, 82, 83, 502, 117, 97, 517, 78, 61, 62, 64, 73, 489, 63, 84, 98, 127, 128, 315, 118, 501, 74, 121, 432, 484, 516, 65, 66, 77, 511, 203, 204, 386, 99, 122, 138], [59, 60, 61, 62, 63, 64, 65, 66, 67, 68, 69, 70, 73, 74, 77, 78, 85, 87, 96, 97, 98, 99, 203, 204, 277, 332, 489, 495, 496, 501, 516, 517, 389, 121, 122, 484, 502, 248, 145, 144, 132, 131], [59, 60, 96, 97, 98, 121, 122, 131, 132, 203, 204, 277, 332, 389, 495, 501, 503, 516, 113, 140, 74, 141, 114, 73, 61, 63, 65, 66, 67, 68, 69, 144, 145, 6, 62, 64, 70, 478, 502, 517], [96, 97, 98, 99, 203, 204, 495, 501, 516, 69, 70, 73, 74, 77, 78, 332, 389, 489, 117, 118, 277, 496, 517, 67, 84, 85, 502, 68, 87, 82, 83, 59, 60, 248, 449, 66], [59, 60, 67, 68, 69, 70, 87, 277, 332, 389, 61, 62, 496, 489, 122, 502, 73, 517, 501, 98, 99, 121, 516, 74, 97, 495, 65, 66, 77, 78, 96, 145, 486, 82, 83, 85], [59, 60, 67, 68, 73, 74, 121, 203, 204, 277, 486, 61, 62, 77, 78, 96, 97, 122, 332, 389, 501, 502, 516, 517, 6, 140, 141, 63, 87, 495, 496, 114, 478, 98, 64, 69, 70, 66, 503, 113, 132], [59, 60, 61, 62, 69, 70, 73, 277, 332, 389, 68, 74, 67, 203, 204, 502, 260, 274, 315, 329, 371, 386, 394, 313, 496, 282, 340, 517, 372, 369, 258, 338, 64, 65, 66, 87, 96, 145, 486, 495, 516, 97, 284, 396, 484, 501, 98, 261, 77, 99, 489, 316, 109, 110, 174, 351, 122], [67, 68, 96, 97, 98, 99, 204, 495, 501, 516, 117, 118, 489, 248, 70, 77, 78, 203, 428, 277, 479, 69, 60, 73, 74, 85, 332, 389, 496, 502, 517, 436, 456], [67, 68, 73, 74, 77, 78, 277, 332, 389, 69, 70, 495, 501, 516, 59, 60, 486, 62, 502, 61, 121, 122, 131, 496, 87, 144, 145, 249, 484, 96, 479, 517, 97, 432], [59, 67, 68, 73, 74, 277, 332, 389, 486, 60, 69, 87, 496, 501, 502, 517, 495, 516, 70, 61, 62, 489, 98, 99, 63, 122, 96, 97, 145, 249], [59, 60, 61, 62, 65, 66, 73, 74, 77, 78, 84, 96, 97, 121, 122, 131, 132, 203, 204, 277, 332, 389, 495, 496, 501, 503, 516, 63, 64, 67, 68, 69, 70, 85, 489, 82, 83, 99, 517, 87, 484, 145, 144, 248, 502], [67, 68, 73, 74, 97, 277, 332, 389, 486, 87, 96, 60, 61, 62, 69, 489, 495, 501, 502, 516], [59, 60, 63, 65, 66, 69, 70, 73, 74, 77, 84, 85, 96, 97, 121, 122, 203, 204, 332, 489, 495, 501, 516, 517, 61, 62, 64, 67, 68, 277, 389, 496, 502, 484, 78, 87, 82, 83, 486]], "rssi": [[-84.0, -84.68452380952381, -88.73287671232876, -88.43939393939394, -88.96875, -89.65853658536585, -87.27731092436974, -85.29936305732484, -85.11347517730496, -84.98765432098766, -86.25806451612904, -86.22988505747126, -85.46601941747574, -65.21243523316062, -65.20207253886011, -85.29078014184397, -85.63194444444444, -66.96410256410256, -66.9381443298969, -85.75, -85.85470085470085, -83.24175824175825, -81.94736842105263, -69.36065573770492, -81.52631578947368, -69.52173913043478, -81.51162790697674, -69.71186440677967, -84.075, -86.15384615384616, -87.06930693069307, -86.57608695652173, -88.41304347826087, -90.90697674418605, -88.8125, -89.27027027027027, -89.4, -86.29032258064517, -89.0, -81.625], [-78.51552795031056, -78.35, -85.42537313432835, -85.4469696969697, -66.65413533834587, -67.40372670807453, -67.01459854014598, -85.20967741935483, -84.79166666666667, -87.51724137931035, -86.33333333333333, -83.6574074074074, -85.6029411764706, -88.89473684210526, -89.09433962264151, -87.56, -88.4, -94.66666666666667, -93.0, -91.11111111111111, -90.43478260869566, -83.81188118811882, -84.32222222222222, -83.9622641509434, -89.76923076923077, -91.0, -85.78571428571429, -86.55405405405405, -90.04545454545455, -83.765625, -89.95833333333333, -88.84615384615384, -90.0, -89.35714285714286, -89.875, -90.0, -89.5, -90.8, -85.0, -85.45454545454545, -90.57142857142857, -85.0, -89.32, -87.0, -86.41666666666667, -85.6086956521739, -85.36363636363636, -92.5], [-76.0, -88.0, -87.46153846153847, -88.33333333333333, -88.66666666666667, -50.81395348837209, -50.906976744186046, -71.86046511627907, -71.74418604651163, -84.94594594594595, -66.875, -66.46511627906976, -66.09302325581395, -73.15384615384616, -75.66666666666667, -87.3076923076923, -83.23076923076923, -84.26666666666667, -84.21428571428571, -81.73333333333333, -87.5, -87.0, -90.625, -80.78260869565217, -88.6923076923077, -88.11111111111111, -89.0, -89.0, -85.0, -89.0], [-51.53333333333333, -51.2, -72.83333333333333, -72.35, -72.26666666666667, -80.28571428571429, -85.45714285714286, -62.8, -63.733333333333334, -63.1, -83.94117647058823, -83.58333333333333, -73.48148148148148, -85.55172413793103, -82.2, -82.8048780487805, -87.625, -82.69565217391305, -83.53846153846153, -82.125, -86.72727272727273, -86.95348837209302, -86.76, -94.0, -88.6, -83.59375, -86.0, -88.0909090909091, -87.0, -86.77777777777777, -88.0, -85.52941176470588, -84.54545454545455, -89.0, -90.33333333333333, -81.1, -90.0, -82.0, -89.5, -89.47058823529412, -69.0, -87.42857142857143, -87.0, -85.0, -89.0, -79.0, -86.0, -92.0], [-84.14634146341463, -83.73417721518987, -87.96428571428571, -87.73584905660377, -86.59183673469387, -87.32857142857142, -88.57575757575758, -88.2, -82.37931034482759, -83.14925373134328, -83.04081632653062, -83.32323232323232, -84.36, -84.75728155339806, -85.91764705882353, -85.12307692307692, -90.0, -89.45283018867924, -60.87407407407407, -60.992592592592594, -85.98863636363636, -85.87209302325581, -80.54, -80.20652173913044, -88.11538461538461, -87.91304347826087, -71.61261261261261, -55.940298507462686, -84.30555555555556, -56.1037037037037, -56.090225563909776, -84.0625, -87.84615384615384, -89.0, -90.66666666666667, -91.25, -85.97142857142858, -93.18181818181819, -90.33333333333333, -92.0, -92.0, -92.0], [-86.35245901639344, -85.89430894308943, -79.73548387096774, -79.11688311688312, -91.0, -79.62345679012346, -79.1025641025641, -90.18, -90.54347826086956, -56.23529411764706, -56.247058823529414, -87.53846153846153, -87.93827160493827, -88.14285714285714, -77.01351351351352, -77.14765100671141, -86.12941176470588, -77.22535211267606, -90.5, -86.23333333333333, -88.03225806451613, -85.03125, -90.93333333333334, -86.82142857142857, -93.4, -91.375, -91.57142857142857, -92.0, -91.07692307692308, -91.0, -87.4, -91.33333333333333, -90.8, -87.9, -90.0, -90.0, -92.88888888888889, -94.5, -94.33333333333333, -93.0], [-80.62424242424242, -80.58823529411765, -79.82051282051282, -79.63225806451612, -88.50526315789473, -87.50574712643679, -46.1764705882353, -45.706586826347305, -45.87407407407407, -86.75757575757575, -88.2463768115942, -89.015625, -89.609375, -85.375, -84.04878048780488, -88.17857142857143, -88.09375, -84.52325581395348, -88.84615384615384, -90.56521739130434, -87.38235294117646, -90.24137931034483, -89.78048780487805, -88.37931034482759, -90.25, -90.0625, -89.06976744186046, -89.75, -95.0, -85.25, -85.85714285714286, -89.26086956521739, -86.88235294117646, -91.18518518518519, -95.0, -95.0], [-76.57446808510639, -76.60416666666667, -75.39583333333333, -75.1875, -83.83333333333333, -86.38461538461539, -85.10810810810811, -48.666666666666664, -48.666666666666664, -49.23913043478261, -85.36363636363636, -87.73913043478261, -81.23333333333333, -83.53846153846153, -85.6, -80.65714285714286, -93.5, -81.33333333333333, -79.57142857142857, -85.04761904761905, -84.63157894736842, -87.2, -80.28571428571429, -93.5, -88.73333333333333, -80.3, -89.0, -89.73684210526316, -84.0, -83.0, -87.25, -83.85714285714286, -87.6, -81.0, -87.0, -78.0], [-86.70930232558139, -86.28571428571429, -87.68181818181819, -89.17241379310344, -87.6268656716418, -86.96774193548387, -85.82608695652173, -73.23913043478261, -73.04379562043796, -87.42, -92.27272727272727, -92.28, -92.56, -87.77777777777777, -90.5, -88.95652173913044, -89.125, -85.41304347826087, -89.08928571428571, -88.26, -86.64, -88.2, -85.90243902439025, -89.92307692307692, -88.8, -90.33333333333333, -89.8, -92.0, -93.375, -86.0, -88.95238095238095, -90.8, -84.5, -93.0, -92.0, -92.0, -90.0, -91.0, -82.13513513513513, -95.0, -94.0], [-66.34579439252336, -66.17757009345794, -86.72916666666667, -86.9090909090909, -81.40816326530613, -81.64285714285714, -85.95121951219512, -78.4040404040404, -79.05319148936171, -78.77, -83.71084337349397, -85.94285714285714, -84.65822784810126, -88.7, -88.6842105263158, -87.18181818181819, -92.33333333333333, -86.53125, -88.8695652173913, -87.0, -91.28571428571429, -85.6923076923077, -86.65384615384616, -89.5, -87.55, -86.57142857142857, -84.95652173913044, -89.13636363636364, -90.45454545454545, -85.95, -87.61111111111111, -84.2, -89.0, -89.2, -87.7, -83.63333333333334, -87.43333333333334, -78.2, -86.45, -84.625, -85.875, -87.1923076923077, -84.3913043478261, -85.08333333333333, -91.375, -87.0, -89.46666666666667, -89.5, -82.0, -90.0, -90.0, -90.0, -89.0, -88.8, -89.0, -90.0, -92.0], [-81.32558139534883, -80.39837398373983, -86.97560975609755, -87.97368421052632, -81.07361963190183, -80.82208588957056, -87.76923076923077, -60.45454545454545, -61.04216867469879, -60.646153846153844, -84.31868131868131, -84.34905660377359, -87.54716981132076, -89.36, -88.54761904761905, -86.79411764705883, -82.14285714285714, -87.3157894736842, -95.0, -87.6842105263158, -91.26415094339623, -88.8, -89.0, -89.54545454545455, -90.36363636363636, -91.0, -86.47826086956522, -87.88, -88.0, -88.0, -88.75, -92.66666666666667, -88.25], [-55.67901234567901, -55.65432098765432, -81.0886075949367, -81.525, -85.475, -85.53488372093024, -77.79220779220779, -78.11538461538461, -77.60759493670886, -83.23684210526316, -83.36842105263158, -80.57407407407408, -81.45161290322581, -78.87719298245614, -85.88679245283019, -86.17857142857143, -82.58490566037736, -88.23809523809524, -84.48, -88.4423076923077, -90.0, -89.91666666666667, -89.64285714285714, -84.54, -86.45454545454545, -86.22222222222223, -85.33333333333333, -90.0, -90.66666666666667, -84.86666666666666, -92.0, -85.1, -89.0, -86.0], [-80.25, -72.5, -72.175, -89.05, -88.47619047619048, -57.525, -57.775, -57.4, -84.9047619047619, -80.44117647058823, -94.5, -85.55172413793103, -81.10714285714286, -85.88461538461539, -79.8, -79.8695652173913, -85.6, -86.125, -69.08333333333333, -86.66666666666667, -87.72727272727273, -91.0, -85.46666666666667, -84.8, -90.0, -88.0, -87.8, -87.66666666666667, -89.0, -87.0], [-86.61682242990655, -86.81818181818181, -87.3, -89.22448979591837, -89.52173913043478, -89.25, -86.24074074074075, -85.68571428571428, -87.11538461538461, -86.425, -88.78378378378379, -75.62048192771084, -75.62650602409639, -83.6025641025641, -83.18300653594771, -87.91891891891892, -88.42424242424242, -63.641176470588235, -63.514792899408285, -85.11340206185567, -85.74038461538461, -85.73958333333333, -75.79054054054055, -88.0, -76.6923076923077, -89.46875, -76.32624113475177, -89.29166666666667, -90.51851851851852, -88.0, -88.41935483870968, -86.73134328358209, -87.7, -87.86363636363636, -89.9090909090909, -85.75, -87.1304347826087, -92.0, -89.23076923076923, -90.0, -88.44444444444444, -89.4, -91.6, -95.0, -92.0], [-57.5, -57.55, -77.1, -77.0, -87.58333333333333, -75.6, -76.2, -75.8, -66.1, -87.33333333333333, -88.54545454545455, -83.2, -90.0, -90.7, -90.83333333333333, -89.0, -90.0, -90.0, -88.0, -88.0], [-84.71604938271605, -85.02409638554217, -88.59677419354838, -90.14516129032258, -90.421875, -86.97777777777777, -87.42222222222222, -87.40869565217392, -87.58119658119658, -88.5679012345679, -85.96385542168674, -86.3529411764706, -55.622549019607845, -55.546341463414635, -89.25, -88.74626865671642, -74.7005076142132, -74.135, -85.38679245283019, -77.3391304347826, -67.10880829015544, -67.12041884816755, -67.32620320855615, -80.64, -88.6734693877551, -88.3917525773196, -89.67391304347827, -86.34042553191489, -86.33018867924528, -83.72941176470589, -86.03125, -78.39473684210526, -78.48076923076923, -92.3, -87.3921568627451, -89.31111111111112, -87.5, -86.0, -80.0]], "edges": [[9, 3, 19.207506483336452], [0, 15, 8.510750543819185], [11, 14, 26.424816701392487], [5, 4, 49.35415886553914], [12, 3, 37.580596361214745], [12, 7, 11.533384204348584], [14, 11, 26.424816701392487], [13, 5, 11.792588501301712], [10, 1, 19.25408638151552], [6, 15, 35.74109158297083], [4, 15, 19.566286625106567], [14, 1, 59.71789907487307], [0, 4, 28.02706099936436], [1, 11, 33.366950001731745], [13, 9, 54.362059633171086], [10, 4, 29.773736216282586], [14, 12, 33.49567161243598], [11, 2, 16.300615363073316], [4, 5, 49.35415886553914], [6, 10, 13.83526844700572], [1, 14, 59.71789907487307], [3, 7, 26.183686928979657], [15, 10, 49.24968677848012], [3, 12, 37.580596361214745], [0, 5, 21.475419087011442], [11, 12, 36.858928052858886], [15, 13, 18.011834628296054], [4, 1, 31.638207438763967], [0, 8, 30.205252980324797], [1, 2, 49.381807795313655], [5, 15, 29.800968920098892], [7, 2, 37.99507558756853], [5, 13, 11.792588501301712], [8, 15, 38.42849571369224], [10, 15, 49.24968677848012], [0, 6, 44.196945527368904], [0, 13, 9.784953023040691], [2, 1, 49.381807795313655], [4, 0, 28.02706099936436], [13, 4, 37.561570543766756], [6, 0, 44.196945527368904], [11, 1, 33.366950001731745], [15, 5, 29.800968920098892], [7, 14, 45.00692633129113], [2, 12, 27.168562702553057], [14, 2, 12.191248965110976], [9, 7, 43.112492954317716], [6, 4, 16.175058405877593], [8, 0, 30.205252980324797], [7, 11, 45.40334716068824], [15, 6, 35.74109158297083], [10, 11, 52.59886188402838], [8, 9, 36.373353143044554], [8, 13, 23.172568351019823], [9, 5, 51.79955566016238], [12, 2, 27.168562702553057], [2, 14, 12.191248965110976], [1, 10, 19.25408638151552], [5, 8, 16.18180457646079], [4, 13, 37.561570543766756], [9, 13, 54.362059633171086], [10, 6, 13.83526844700572], [3, 8, 51.03639151663982], [15, 4, 19.566286625106567], [13, 8, 23.172568351019823], [15, 8, 38.42849571369224], [15, 0, 8.510750543819185], [1, 4, 31.638207438763967], [5, 9, 51.79955566016238], [13, 0, 9.784953023040691], [5, 0, 21.475419087011442], [4, 6, 16.175058405877593], [12, 11, 36.858928052858886], [3, 9, 19.207506483336452], [2, 7, 37.99507558756853], [14, 7, 45.00692633129113], [6, 1, 19.33415365962748], [4, 10, 29.773736216282586], [11, 10, 52.59886188402838], [9, 8, 36.373353143044554], [7, 9, 43.112492954317716], [7, 3, 26.183686928979657], [2, 11, 16.300615363073316], [0, 3, 63.32009536336208], [11, 7, 45.40334716068824], [8, 3, 51.03639151663982], [7, 12, 11.533384204348584], [1, 6, 19.33415365962748], [3, 0, 63.32009536336208], [12, 14, 33.49567161243598], [13, 15, 18.011834628296054], [8, 5, 16.18180457646079]]}