{"rp_ids": ["rp_0", "rp_1", "rp_2", "rp_3", "rp_4", "rp_5", "rp_6", "rp_7", "rp_8", "rp_9", "rp_10", "rp_11", "rp_12", "rp_13", "rp_14", "rp_15", "rp_16"], "coords": [[-75.00538034823967, 45.020613067783415], [37.32326965170669, 1.5860330695286393], [-8.125695454804362, -10.175216296572614], [-101.69623034906817, -2.876461931504309], [7.920920874568765, -48.47830748490604], [39.73317109330915, -12.896807406199391], [-57.425980347145924, 76.29666306916624], [19.45726281962691, -3.50959195834757], [-21.595180348430404, 22.39591306913644], [37.7532558575242, 23.894024638353127], [55.22997200870988, 14.238119578083161], [-67.27533034973999, 58.97808807063848], [-36.34973034722043, 5.484413065947592], [-93.68451413236626, 12.188169826451388], [5.4444696522014056, -22.222686930559576], [28.787962991289735, 16.76193106515954], [-35.292728566501864, -35.57391533162445]], "ap_ids": [[8, 91, 103, 104, 105, 106, 120, 125, 126, 129, 130, 134, 135, 137, 90, 151, 173, 119, 136, 150, 171, 248, 172, 170, 124, 168], [6, 101, 102, 107, 108, 140, 141, 146, 340, 396, 262, 278, 284, 295, 314, 317, 334, 351, 374, 390, 405, 147, 259, 370, 113, 114, 274, 372, 111, 116, 258, 260, 261, 282, 313, 316, 338, 369, 386, 394, 478], [255, 284, 310, 366, 256, 257, 312, 340, 368, 396, 400, 288, 311, 344, 351, 367, 334, 37, 38, 262, 317, 390, 405, 386, 374, 314, 278, 259, 394, 370, 260, 371, 295, 282, 338, 88], [119, 120, 123, 124, 129, 130, 136, 137, 166, 167, 184, 185, 148, 149, 15, 89, 23, 24, 88, 16, 171, 134, 135, 170, 125], [6, 109, 110, 140, 258, 259, 261, 262, 263, 274, 278, 282, 284, 288, 295, 313, 314, 316, 317, 318, 329, 334, 338, 340, 344, 369, 370, 371, 372, 374, 375, 386, 390, 394, 396, 400, 405, 260, 315, 351, 111, 69, 256, 257, 312, 368, 188, 189, 112, 366, 107, 186, 367, 102, 141, 108, 310, 311, 187, 101, 16, 164, 255], [6, 101, 102, 107, 108, 140, 141, 261, 295, 316, 338, 351, 372, 405, 340, 396, 259, 274, 278, 314, 370, 115, 116, 282, 284, 329, 334, 344, 394, 315, 386, 390, 371, 260, 113, 288, 400, 503, 121, 122, 132, 114, 131, 111, 258, 313, 369], [8, 103, 104, 125, 126, 134, 135, 150, 151, 105, 106, 248, 136, 137], [6, 101, 102, 107, 108, 140, 141, 284, 338, 340, 351, 386, 259, 288, 295, 314, 316, 344, 370, 396, 405, 116, 274, 278, 261, 372, 260, 329, 375, 394, 313, 146, 371, 147, 115, 113, 114, 111, 112, 282, 334, 390, 37, 315, 263, 38, 248], [15, 37, 38, 88, 89, 103, 107, 108, 113, 125, 126, 147, 148, 149, 172, 178, 179, 222, 223, 256, 257, 310, 311, 312, 367, 368, 91, 104, 173, 16, 366], [6, 140, 141, 146, 147, 101, 102, 108, 107, 340, 248, 284, 295], [6, 101, 102, 140, 141, 248, 503, 146, 107, 147, 108, 122, 132, 478, 121], [8, 103, 104, 105, 106, 125, 126, 134, 135, 150, 151, 172, 27, 173, 28, 248, 91, 223, 90, 222, 137], [15, 16, 37, 38, 88, 89, 107, 108, 148, 149, 178, 179, 222, 223, 312, 366, 367, 368], [119, 120, 123, 124, 129, 130, 134, 135, 136, 137, 170, 171, 166, 167, 125, 126, 104, 103, 90, 91, 105, 148, 106], [6, 101, 109, 140, 141, 258, 259, 260, 261, 262, 263, 278, 282, 284, 288, 295, 314, 315, 316, 317, 318, 329, 334, 338, 340, 344, 351, 374, 375, 386, 390, 394, 396, 400, 405, 102, 274, 370, 371, 372, 110, 366, 369, 310, 313, 116, 107, 108, 164, 255, 256, 311], [6, 101, 102, 107, 140, 141, 146, 147, 108, 114, 172, 173, 38, 113, 284, 340, 396, 295, 405, 37], [37, 38, 88, 89, 109, 137, 149, 178, 179, 188, 255, 256, 257, 262, 263, 278, 288, 295, 310, 311, 312, 317, 318, 334, 344, 351, 366, 367, 368, 370, 374, 375, 390, 400, 405, 15, 16, 107, 108, 148, 222, 223]], "rssi": [[-86.9, -89.82352941176471, -90.16129032258064, -89.14285714285714, -77.9, -77.6, -90.2, -64.60526315789474, -65.775, -89.2, -88.52631578947368, -52.95, -53.05, -79.78125, -88.36, -86.1875, -96.33333333333333, -91.2, -90.04761904761905, -87.13636363636364, -88.88888888888889, -87.3076923076923, -96.0, -87.875, -93.0, -93.0], [-79.03333333333333, -66.48979591836735, -66.40816326530613, -78.0625, -78.16326530612245, -59.06, -59.24, -89.33333333333333, -70.6875, -72.89473684210526, -88.0, -75.8, -71.72222222222223, -75.20689655172414, -80.9090909090909, -91.0, -84.81818181818181, -76.89189189189189, -90.0, -85.875, -76.7741935483871, -88.9090909090909, -81.0, -86.0, -79.83333333333333, -81.72727272727273, -84.0, -91.0, -86.0, -85.0, -78.5, -80.0, -72.77777777777777, -73.6, -78.25, -72.6, -72.6, -69.0, -67.0, -72.0, -73.0], [-74.97727272727273, -85.91935483870968, -74.95505617977528, -74.55813953488372, -81.42622950819673, -86.22727272727273, -85.76119402985074, -86.3076923076923, -85.63235294117646, -85.8125, -88.08333333333333, -88.36363636363636, -82.92857142857143, -88.42857142857143, -89.66666666666667, -81.76595744680851, -90.36363636363636, -89.02380952380952, -88.0, -92.0, -91.6, -88.33333333333333, -90.4, -95.0, -90.4, -90.5, -89.2, -91.0, -90.625, -89.0, -92.0, -93.0, -88.5, -92.0, -92.0, -87.0], [-87.58666666666667, -87.72368421052632, -72.125, -72.2, -53.775, -53.625, -70.325, -71.25, -86.82051282051282, -86.58227848101266, -91.94117647058823, -90.0, -88.27777777777777, -87.54385964912281, -90.45454545454545, -90.56, -93.2, -93.72222222222223, -91.56, -92.0, -90.57142857142857, -87.0, -87.0, -88.0, -89.0], [-92.0, -81.6068376068376, -81.15625, -89.44444444444444, -58.75812274368231, -57.27715355805243, -53.62237762237762, -58.644128113879006, -61.5703125, -54.01418439716312, -57.66202090592334, -55.48339483394834, -58.78776978417266, -60.25992779783393, -63.43014705882353, -58.71785714285714, -56.59176029962547, -53.82105263157895, -57.58687258687259, -61.18326693227092, -53.90181818181818, -57.54195804195804, -54.94296577946768, -58.13333333333333, -60.33455882352941, -58.358695652173914, -56.185483870967744, -55.855595667870034, -53.545126353790614, -58.40890688259109, -60.93172690763052, -53.1897233201581, -57.84132841328413, -55.204633204633204, -58.37642585551331, -59.888, -63.86330935251799, -55.97508896797153, -56.01090909090909, -63.631768953068594, -75.09756097560975, -90.0, -79.85714285714286, -76.6, -77.82352941176471, -75.07142857142857, -84.63333333333334, -82.32727272727273, -75.91129032258064, -74.17647058823529, -84.4, -90.33333333333333, -80.3, -85.125, -89.18181818181819, -86.71428571428571, -82.84615384615384, -83.25, -88.0, -84.9090909090909, -93.0, -92.0, -74.0], [-65.55, -62.38655462184874, -62.33613445378151, -78.97345132743362, -79.45689655172414, -65.58823529411765, -65.73109243697479, -77.22222222222223, -75.20952380952382, -79.625, -83.72727272727273, -76.72115384615384, -80.44444444444444, -77.4375, -74.93548387096774, -74.11764705882354, -80.5, -76.33333333333333, -84.0, -80.0, -84.5, -90.0, -89.0, -83.52631578947368, -73.45652173913044, -74.84615384615384, -83.35714285714286, -83.0, -84.16666666666667, -89.0, -81.16, -83.5, -82.0, -81.5, -83.48, -75.5, -76.0, -84.66666666666667, -92.0, -89.16666666666667, -86.0, -76.22222222222223, -87.0, -86.0, -79.0, -79.0, -69.0], [-67.5, -87.39285714285714, -89.89189189189189, -67.625, -67.075, -74.525, -75.025, -67.625, -67.875, -43.0, -94.53333333333333, -89.41666666666667, -99.0, -93.0], [-79.0, -62.19444444444444, -62.18518518518518, -75.1574074074074, -75.4245283018868, -68.07407407407408, -67.76190476190476, -73.11111111111111, -87.84, -73.4235294117647, -78.6842105263158, -88.0, -73.25, -81.0, -77.25974025974025, -75.56521739130434, -85.33333333333333, -87.3, -85.66666666666667, -73.82191780821918, -77.5223880597015, -88.38461538461539, -80.27586206896552, -81.35185185185185, -87.6, -81.7, -85.5, -86.4, -74.42857142857143, -89.36363636363636, -88.0, -93.5, -78.33333333333333, -95.0, -85.875, -87.42105263157895, -84.57142857142857, -91.0, -92.0, -86.05882352941177, -84.02272727272727, -80.0, -89.0, -86.0, -74.0, -89.0, -91.0], [-85.95652173913044, -60.25, -63.275, -70.7, -71.175, -71.95652173913044, -88.325, -87.875, -82.0, -87.19047619047619, -87.87096774193549, -90.0, -77.825, -76.775, -73.0, -72.175, -72.275, -76.7, -80.475, -84.88888888888889, -82.0, -83.0, -90.0, -86.5, -85.07692307692308, -83.91304347826087, -82.0, -73.0, -71.0, -78.4, -82.0], [-89.02222222222223, -76.04790419161677, -76.0679012345679, -81.15, -81.91566265060241, -84.95833333333333, -85.12396694214875, -88.97872340425532, -88.66666666666667, -87.0909090909091, -90.10714285714286, -87.5, -84.0], [-85.57142857142857, -82.71014492753623, -82.31343283582089, -76.68539325842697, -76.10714285714286, -87.68181818181819, -88.36842105263158, -92.0, -84.45833333333333, -92.23529411764706, -86.03225806451613, -86.9, -92.0, -88.0, -85.85714285714286], [-77.625, -82.05, -82.075, -82.18987341772151, -82.3625, -59.625, -59.9625, -63.15, -63.6875, -77.1038961038961, -77.8125, -92.38888888888889, -94.11111111111111, -90.24137931034483, -92.83333333333333, -88.65116279069767, -89.66666666666667, -91.81818181818181, -91.0952380952381, -90.54545454545455, -92.0], [-76.0, -78.0, -59.0, -67.0, -71.0, -72.0, -89.0, -89.0, -81.0, -73.0, -70.0, -71.0, -78.0, -78.0, -83.0, -82.0, -90.0, -90.0], [-72.56756756756756, -72.08108108108108, -89.54838709677419, -88.72222222222223, -73.67567567567568, -74.83783783783784, -88.11764705882354, -88.54545454545455, -53.37837837837838, -53.24324324324324, -87.48484848484848, -88.72222222222223, -92.17857142857143, -88.46428571428571, -90.52173913043478, -90.54545454545455, -94.5, -95.0, -87.0, -91.0, -89.4, -91.0, -92.0], [-88.71428571428571, -78.8, -90.0, -84.57142857142857, -82.375, -85.4, -75.21428571428571, -75.73333333333333, -77.66666666666667, -73.4, -79.1875, -74.78947368421052, -72.27777777777777, -63.65, -72.0, -70.36842105263158, -78.0, -77.41176470588235, -83.71428571428571, -73.25, -78.58823529411765, -75.65, -72.10526315789474, -71.85, -63.1, -71.94736842105263, -70.35, -74.95, -78.78947368421052, -74.27777777777777, -72.33333333333333, -70.11111111111111, -64.4, -72.21052631578948, -71.47368421052632, -76.94736842105263, -75.125, -79.16666666666667, -77.85714285714286, -77.9375, -89.8, -74.16666666666667, -85.0, -74.25, -77.875, -94.0, -76.0, -77.0, -92.0, -71.66666666666667, -89.0, -83.0], [-90.12727272727273, -84.33333333333333, -84.10526315789474, -87.82758620689656, -75.2, -75.15730337078652, -85.42465753424658, -85.23880597014926, -87.37254901960785, -93.125, -93.2, -94.33333333333333, -94.0, -93.5, -90.0, -90.75, -88.5, -94.0, -95.0, -94.0], [-70.66666666666667, -71.66666666666667, -63.0, -64.88888888888889, -91.0, -89.11111111111111, -73.0, -71.11111111111111, -73.22222222222223, -90.0, -64.5, -63.888888888888886, -69.33333333333333, -76.25, -74.0, -73.0, -90.44444444444444, -83.0, -65.5, -64.11111111111111, -68.66666666666667, -75.66666666666667, -80.625, -73.11111111111111, -83.0, -74.25, -67.55555555555556, -64.0, -64.44444444444444, -82.0, -74.0, -81.0, -73.375, -83.0, -73.0, -76.0, -78.0, -89.0, -89.0, -81.0, -78.0, -78.0]], "edges": [[3, 0, 54.83184537523902], [5, 4, 47.72905207345678], [6, 8, 64.72354346846026], [9, 7, 32.949985793953786], [4, 7, 46.42491315642764], [7, 14, 23.378158520124572], [7, 5, 22.343506219641625], [12, 13, 57.725365190645796], [11, 8, 58.52291544329165], [7, 10, 39.93329422307979], [12, 6, 73.88222428011828], [7, 4, 46.42491315642764], [16, 3, 74.0172176445475], [16, 2, 37.19061172883839], [15, 1, 17.41147149901903], [3, 12, 65.87920228125492], [4, 5, 47.72905207345678], [5, 15, 31.613894858257783], [7, 9, 32.949985793953786], [13, 6, 73.65174932141925], [7, 2, 28.376929625795572], [8, 12, 22.443163280265356], [12, 16, 41.07193182171144], [6, 0, 35.877940410333665], [8, 6, 64.72354346846026], [14, 7, 23.378158520124572], [3, 13, 17.062553347602222], [2, 8, 35.24635430023047], [8, 11, 58.52291544329165], [10, 9, 19.966775151788067], [2, 4, 41.528552710200366], [2, 14, 18.146375112076104], [0, 11, 15.955086381296368], [4, 16, 45.09925536925659], [2, 12, 32.27723868889383], [15, 5, 31.613894858257783], [8, 7, 48.542746943241426], [8, 13, 72.80844777579246], [8, 15, 50.69716842203242], [16, 8, 59.56612990618122], [11, 13, 53.72840438131624], [2, 16, 37.19061172883839], [1, 15, 17.41147149901903], [13, 3, 17.062553347602222], [9, 10, 19.966775151788067], [10, 7, 39.93329422307979], [10, 1, 21.925448280987347], [12, 2, 32.27723868889383], [13, 11, 53.72840438131624], [11, 0, 15.955086381296368], [1, 5, 14.681971706948074], [14, 2, 18.146375112076104], [9, 1, 22.312135172859136], [7, 8, 48.542746943241426], [12, 0, 55.293493175838165], [9, 15, 11.456143981032357], [13, 8, 72.80844777579246], [14, 16, 42.86927359458429], [5, 9, 36.84406854395108], [6, 12, 73.88222428011828], [15, 9, 11.456143981032357], [8, 16, 59.56612990618122], [9, 5, 36.84406854395108], [0, 13, 37.77405681311697], [7, 1, 18.57847126511328], [14, 1, 39.78835303767999], [15, 10, 26.562181109608204], [1, 14, 39.78835303767999], [16, 14, 42.86927359458429], [12, 14, 50.144177566374736], [2, 7, 28.376929625795572], [5, 14, 35.53430842749448], [10, 15, 26.562181109608204], [14, 4, 26.372152383728285], [12, 11, 61.7896917051973], [12, 3, 65.87920228125492], [7, 15, 22.315837680581197], [6, 11, 19.923421780739137], [11, 6, 19.923421780739137], [13, 0, 37.77405681311697], [14, 8, 52.17242699060051], [1, 7, 18.57847126511328], [5, 1, 14.681971706948074], [1, 10, 21.925448280987347], [12, 8, 22.443163280265356], [0, 6, 35.877940410333665], [4, 2, 41.528552710200366], [3, 16, 74.0172176445475], [16, 12, 41.07193182171144], [0, 12, 55.293493175838165], [6, 13, 73.65174932141925], [3, 11, 70.78688941273894], [13, 12, 57.725365190645796], [16, 4, 45.09925536925659], [5, 7, 22.343506219641625], [14, 12, 50.144177566374736], [8, 14, 52.17242699060051], [11, 12, 61.7896917051973], [11, 3, 70.78688941273894], [10, 5, 31.248281569614512], [8, 2, 35.24635430023047], [4, 14, 26.372152383728285], [0, 3, 54.83184537523902], [15, 7, 22.315837680581197], [15, 8, 50.69716842203242], [1, 9, 22.312135172859136], [5, 10, 31.248281569614512], [14, 5, 35.53430842749448]]}