{"rp_ids": ["rp_0", "rp_1", "rp_2", "rp_3", "rp_4", "rp_5", "rp_6", "rp_7", "rp_8", "rp_9", "rp_10", "rp_11", "rp_12", "rp_13", "rp_14", "rp_15"], "coords": [[-6.811650265884283, 18.424041235222457], [35.86994815257927, -19.99625559973166], [8.146299286505467, -60.86142701358903], [-47.887670480409724, -29.76511771325022], [18.539858516893986, 6.473428250994119], [-24.575488799343848, 30.492167250472395], [32.94437380747057, -0.8847273383568415], [-25.8725621489923, -43.93975937894235], [-36.97092277088946, 20.090051311500154], [-54.55345804987451, -11.751356823691907], [46.44558488667454, -3.9066393813342755], [19.255429518645542, -48.93258437483261], [-17.487192923897965, -51.85837883967906], [-14.27271651666631, 24.754743886947193], [8.453624219870107, -73.04880173970014], [1.1831654826727949, 15.505857559416171]], "ap_ids": [[59, 60, 61, 62, 65, 66, 67, 69, 70, 73, 74, 78, 84, 96, 97, 121, 122, 203, 204, 277, 332, 389, 489, 495, 496, 501, 502, 516, 517, 85, 68, 77, 83, 503, 63, 64, 132, 82, 87, 486, 131, 249], [67, 68, 98, 99, 495, 501, 516, 69, 70, 77, 78, 87, 97, 277, 74, 122, 502, 59, 73, 96, 117, 203, 204, 332, 389, 84, 85, 118, 496, 517, 131, 132, 60, 61, 62, 121, 63, 65, 66, 144, 145, 428, 478, 489, 503, 82, 83, 456], [59, 61, 62, 65, 66, 67, 68, 73, 74, 87, 277, 332, 389, 486, 496, 60, 69, 70, 132, 502, 96, 97, 131, 517, 495, 501, 82, 144, 145, 63, 64, 516], [59, 60, 61, 62, 67, 69, 70, 82, 87, 96, 97, 277, 332, 389, 495, 496, 516, 68, 73, 83, 489, 502, 117, 517, 63, 64, 78, 65, 118, 501, 74, 84, 98, 127, 128, 315, 121, 432, 484, 66, 77, 511, 203, 204, 386, 99, 122, 138], [59, 60, 61, 62, 63, 64, 65, 66, 67, 68, 69, 70, 73, 74, 77, 78, 85, 87, 96, 97, 98, 99, 203, 204, 277, 332, 489, 495, 496, 501, 516, 517, 389, 121, 122, 484, 502, 248, 145, 144, 132, 131, 84], [59, 60, 96, 97, 98, 121, 122, 131, 132, 203, 204, 277, 332, 389, 495, 501, 503, 516, 113, 140, 74, 141, 114, 73, 61, 63, 65, 66, 67, 68, 69, 144, 145, 6, 62, 64, 70, 478, 502, 517, 484, 496], [96, 97, 98, 99, 203, 204, 495, 501, 73, 117, 118, 516, 59, 60, 69, 70, 74, 77, 78, 277, 332, 389, 489, 502, 496, 83, 85, 145, 517, 511, 67, 84, 68, 87, 248, 82, 449, 66, 479], [59, 60, 67, 68, 69, 70, 87, 96, 277, 332, 389, 61, 62, 501, 516, 97, 496, 98, 489, 73, 74, 122, 502, 144, 145, 249, 495, 517, 121, 99, 65, 66, 77, 78, 486, 82, 83, 85], [59, 60, 67, 68, 73, 74, 121, 203, 204, 277, 486, 61, 62, 77, 78, 96, 97, 122, 332, 389, 501, 502, 516, 517, 6, 140, 141, 63, 87, 495, 496, 114, 478, 98, 64, 69, 70, 66, 503, 113, 132, 386], [59, 60, 61, 62, 69, 70, 73, 277, 332, 389, 65, 66, 68, 74, 486, 517, 67, 87, 203, 204, 502, 386, 258, 260, 274, 284, 315, 329, 369, 371, 394, 340, 313, 495, 496, 282, 372, 516, 96, 338, 396, 261, 64, 145, 97, 484, 501, 98, 77, 99, 489, 316, 109, 110, 174, 351, 122], [67, 68, 96, 97, 98, 99, 203, 204, 277, 332, 495, 501, 516, 117, 118, 248, 489, 70, 479, 77, 78, 428, 389, 69, 60, 73, 74, 85, 496, 502, 517, 436, 456, 87, 59], [67, 68, 73, 74, 77, 78, 277, 332, 389, 486, 59, 69, 70, 495, 496, 501, 516, 60, 121, 122, 131, 132, 502, 87, 517, 62, 84, 484, 61, 144, 145, 249, 96, 479, 97, 432], [59, 60, 67, 68, 73, 74, 277, 332, 389, 486, 495, 516, 61, 62, 69, 87, 496, 501, 502, 511, 517, 85, 98, 99, 70, 489, 63, 122, 96, 97, 145, 249], [59, 60, 61, 62, 65, 66, 73, 74, 77, 78, 84, 96, 97, 121, 122, 131, 132, 203, 204, 277, 332, 389, 495, 496, 501, 503, 516, 63, 64, 67, 68, 69, 70, 85, 489, 82, 83, 99, 517, 87, 484, 145, 144, 248, 502], [67, 68, 73, 74, 97, 277, 332, 389, 486, 495, 87, 516, 59, 60, 61, 62, 96, 69, 489, 501, 502], [59, 60, 63, 65, 66, 69, 70, 73, 74, 77, 84, 85, 96, 97, 121, 122, 203, 204, 332, 489, 495, 501, 516, 517, 61, 62, 64, 67, 68, 277, 389, 496, 502, 484, 78, 87, 82, 83, 486, 98, 99]], "rssi": [[-84.0, -84.68452380952381, -88.85135135135135, -88.69852941176471, -90.05405405405405, -90.05747126436782, -87.43801652892562, -85.71165644171779, -85.52739726027397, -85.3012048192771, -86.47368421052632, -86.22988505747126, -85.68571428571428, -65.21243523316062, -65.20207253886011, -85.52777777777777, -85.63194444444444, -66.96410256410256, -66.9381443298969, -85.8659793814433, -85.94915254237289, -83.3913043478261, -82.1896551724138, -69.36065573770492, -81.52631578947368, -69.52173913043478, -81.51162790697674, -69.71186440677967, -84.075, -86.75454545454545, -87.17647058823529, -86.6774193548387, -88.41304347826087, -90.90697674418605, -89.8108108108108, -90.14285714285714, -92.77777777777777, -86.65625, -89.81481481481481, -86.41666666666667, -97.0, -98.0], [-78.51552795031056, -78.35, -85.7463768115942, -85.85401459854015, -66.65413533834587, -67.40372670807453, -67.01459854014598, -85.86259541984732, -85.44094488188976, -87.98901098901099, -87.125, -90.81967213114754, -89.0, -84.125, -89.63157894736842, -90.88888888888889, -85.6029411764706, -86.76623376623377, -89.58064516129032, -88.27160493827161, -94.66666666666667, -91.83333333333333, -94.4, -84.80733944954129, -84.59782608695652, -91.42857142857143, -90.43478260869566, -87.0, -84.13636363636364, -84.43636363636364, -93.25, -91.45454545454545, -87.45679012345678, -90.30434782608695, -90.58823529411765, -92.14285714285714, -90.0, -89.35714285714286, -89.875, -86.4, -85.45454545454545, -90.57142857142857, -85.0, -89.81481481481481, -92.0, -86.96, -85.6086956521739, -92.5], [-76.0, -89.97297297297297, -90.37837837837837, -91.3529411764706, -91.70588235294117, -50.81395348837209, -50.906976744186046, -71.86046511627907, -71.74418604651163, -85.23684210526316, -66.875, -66.46511627906976, -66.09302325581395, -73.15384615384616, -81.5, -75.66666666666667, -88.28571428571429, -90.52941176470588, -84.42857142857143, -85.76470588235294, -93.08333333333333, -90.05, -84.21428571428571, -81.73333333333333, -86.57142857142857, -89.6, -97.0, -91.75, -91.25, -100.0, -92.66666666666667, -88.9], [-51.53333333333333, -51.2, -88.73584905660377, -89.22222222222223, -73.27272727272727, -72.35, -72.26666666666667, -86.71875, -80.28571428571429, -86.9, -85.75862068965517, -62.8, -63.733333333333334, -63.1, -85.9, -84.53846153846153, -84.5, -73.48148148148148, -95.0, -82.8076923076923, -93.54545454545455, -83.44186046511628, -87.625, -84.0, -84.77142857142857, -87.15384615384616, -82.125, -90.10526315789474, -86.33333333333333, -86.53846153846153, -90.6, -86.0, -88.0909090909091, -87.0, -86.77777777777777, -88.0, -90.33333333333333, -81.1, -90.0, -89.47058823529412, -69.0, -87.42857142857143, -87.0, -85.0, -89.0, -79.0, -86.0, -92.0], [-84.58823529411765, -84.23170731707317, -88.12280701754386, -87.88888888888889, -87.05882352941177, -87.45070422535211, -88.79411764705883, -89.2, -82.86666666666666, -83.14925373134328, -83.44554455445545, -83.46, -84.61764705882354, -85.09433962264151, -85.91764705882353, -85.12307692307692, -90.0, -89.875, -60.87407407407407, -60.992592592592594, -86.10112359550561, -86.125, -80.54, -80.20652173913044, -88.11538461538461, -88.6, -71.61261261261261, -55.940298507462686, -84.30555555555556, -56.1037037037037, -56.090225563909776, -84.0625, -87.84615384615384, -90.0, -93.83333333333333, -91.58823529411765, -85.97142857142858, -93.85714285714286, -90.33333333333333, -92.0, -92.0, -92.0, -97.0], [-86.584, -85.89430894308943, -79.83974358974359, -79.11688311688312, -91.0, -79.73006134969326, -79.1025641025641, -90.74545454545455, -90.85416666666667, -56.23529411764706, -56.247058823529414, -87.53846153846153, -88.46511627906976, -88.375, -77.01351351351352, -77.14765100671141, -86.12941176470588, -77.22535211267606, -90.5, -86.54838709677419, -88.91176470588235, -85.03125, -91.3125, -87.46666666666667, -95.22222222222223, -91.88888888888889, -92.25, -94.0, -91.07692307692308, -91.35714285714286, -90.875, -91.33333333333333, -90.8, -87.9, -90.93333333333334, -90.0, -93.3, -94.5, -94.33333333333333, -93.75, -97.33333333333333, -97.0], [-80.62424242424242, -80.58823529411765, -79.92993630573248, -79.95569620253164, -89.12621359223301, -88.49484536082474, -46.1764705882353, -45.706586826347305, -90.13698630136986, -89.86666666666666, -92.19354838709677, -45.87407407407407, -90.3076923076923, -87.94736842105263, -88.37179487179488, -89.13157894736842, -90.73333333333333, -86.06451612903226, -85.15730337078652, -87.65714285714286, -89.09677419354838, -88.33333333333333, -84.7840909090909, -89.8125, -90.84375, -87.125, -90.52941176470588, -96.0, -90.61702127659575, -103.0, -88.87096774193549, -90.58823529411765, -90.5, -95.0, -91.8, -85.25, -95.5, -95.0, -98.0], [-76.57446808510639, -76.60416666666667, -75.39583333333333, -75.1875, -85.48148148148148, -88.3125, -86.2439024390244, -88.85714285714286, -48.666666666666664, -48.666666666666664, -49.23913043478261, -87.81481481481481, -89.72413793103448, -84.14285714285714, -83.5, -90.0, -81.74193548387096, -87.61538461538461, -84.5, -96.625, -94.66666666666667, -85.6, -80.65714285714286, -96.0, -86.77777777777777, -99.5, -85.28571428571429, -81.33333333333333, -87.8125, -86.82608695652173, -89.0, -89.73684210526316, -84.0, -83.0, -87.6, -81.0, -87.0, -78.0], [-86.94318181818181, -86.81481481481481, -90.06666666666666, -89.17241379310344, -88.11267605633803, -86.96774193548387, -86.06382978723404, -73.23913043478261, -73.21739130434783, -88.23636363636363, -93.4, -93.25, -93.74285714285715, -90.0, -91.25, -89.44897959183673, -89.26530612244898, -85.52688172043011, -89.95238095238095, -89.05454545454545, -87.58181818181818, -88.77777777777777, -86.70454545454545, -90.14814814814815, -90.0, -90.33333333333333, -89.8, -92.0, -93.375, -86.69767441860465, -89.31818181818181, -92.71428571428571, -84.5, -93.0, -94.14285714285714, -92.0, -93.33333333333333, -91.0, -84.64444444444445, -95.8, -95.5, -98.0], [-66.34579439252336, -66.17757009345794, -87.1, -87.41379310344827, -81.71, -81.78787878787878, -86.21428571428571, -78.84158415841584, -79.27368421052631, -78.77, -91.61538461538461, -89.41666666666667, -84.71910112359551, -86.33333333333333, -87.78260869565217, -90.53846153846153, -85.46428571428571, -85.32352941176471, -89.04761904761905, -89.05, -88.28, -87.26666666666667, -89.54545454545455, -92.33333333333333, -87.77777777777777, -86.4074074074074, -89.25, -87.3030303030303, -87.13636363636364, -91.6, -87.0, -85.58333333333333, -90.57142857142857, -85.52941176470588, -88.0, -86.57142857142857, -90.91666666666667, -86.96153846153847, -87.7741935483871, -84.65384615384616, -85.4054054054054, -90.8, -89.0, -78.2, -87.1923076923077, -91.375, -87.0, -89.46666666666667, -82.0, -90.0, -90.0, -90.0, -89.0, -88.8, -89.0, -90.0, -92.0], [-81.54961832061069, -80.664, -87.09638554216868, -88.27848101265823, -81.17073170731707, -80.91463414634147, -88.19047619047619, -88.42857142857143, -88.52380952380952, -87.61538461538461, -60.45454545454545, -61.04216867469879, -60.646153846153844, -84.44565217391305, -84.57407407407408, -90.37931034482759, -87.70370370370371, -89.13333333333334, -92.17460317460318, -87.05714285714286, -82.77272727272727, -97.8, -89.3103448275862, -89.29166666666667, -90.14285714285714, -90.16666666666667, -90.36363636363636, -91.0, -88.0, -88.0, -90.2, -93.28571428571429, -88.25, -96.33333333333333, -99.0], [-55.67901234567901, -55.65432098765432, -81.0886075949367, -81.525, -85.475, -86.04444444444445, -77.79220779220779, -78.11538461538461, -77.60759493670886, -83.8103448275862, -86.64912280701755, -83.58974358974359, -83.55844155844156, -81.16071428571429, -85.33962264150944, -82.15384615384616, -79.85, -86.43859649122807, -90.47058823529412, -90.24, -90.0, -98.0, -85.37037037037037, -87.17142857142858, -86.45454545454545, -88.23809523809524, -96.0, -91.15789473684211, -88.4423076923077, -86.22222222222223, -85.33333333333333, -90.0, -84.86666666666666, -92.0, -89.0, -86.0], [-80.70270270270271, -81.38888888888889, -72.5, -72.175, -89.05, -88.86363636363636, -57.525, -57.775, -57.4, -86.0, -86.85714285714286, -87.15384615384616, -88.8, -89.38461538461539, -95.85714285714286, -85.96666666666667, -81.10714285714286, -86.29629629629629, -81.07407407407408, -101.0, -79.8695652173913, -100.0, -87.33333333333333, -87.95, -71.3076923076923, -95.5, -90.0, -88.0, -87.8, -87.66666666666667, -89.0, -87.0], [-86.71296296296296, -87.16666666666667, -87.67307692307692, -89.87037037037037, -90.82142857142857, -89.8, -86.625, -85.68571428571428, -87.28301886792453, -86.425, -89.4, -75.62048192771084, -75.62650602409639, -83.6025641025641, -83.18300653594771, -88.55, -89.29729729729729, -63.641176470588235, -63.514792899408285, -85.23469387755102, -86.16666666666667, -86.17, -75.79054054054055, -89.28571428571429, -76.6923076923077, -90.48648648648648, -76.32624113475177, -89.6, -91.38709677419355, -88.52941176470588, -88.41935483870968, -87.84, -88.21621621621621, -88.21739130434783, -90.17391304347827, -85.75, -88.0, -92.0, -89.48148148148148, -90.0, -88.44444444444444, -89.4, -91.6, -96.66666666666667, -92.0], [-57.5, -57.55, -77.1, -77.0, -88.23076923076923, -75.6, -76.2, -75.8, -66.1, -91.4, -88.07692307692308, -90.66666666666667, -98.0, -85.5, -90.9090909090909, -91.18181818181819, -88.54545454545455, -90.83333333333333, -89.0, -90.0, -88.0], [-85.05988023952096, -85.17261904761905, -89.25373134328358, -90.14516129032258, -90.65151515151516, -87.18840579710145, -87.42222222222222, -87.56410256410257, -87.65254237288136, -88.86904761904762, -86.21176470588236, -86.46511627906976, -55.622549019607845, -55.546341463414635, -89.77922077922078, -89.1, -74.7005076142132, -74.135, -85.69724770642202, -77.3391304347826, -67.10880829015544, -67.12041884816755, -67.32620320855615, -80.64, -89.03883495145631, -89.0, -90.0, -86.54166666666667, -86.33018867924528, -84.02298850574712, -86.49253731343283, -78.39473684210526, -78.48076923076923, -93.46153846153847, -87.5576923076923, -89.45652173913044, -90.66666666666667, -86.0, -80.0, -96.0, -97.0]], "edges": [[9, 3, 19.207506483336452], [0, 15, 8.510750543819185], [11, 14, 26.424816701392487], [5, 4, 49.35415886553914], [12, 3, 37.580596361214745], [12, 7, 11.533384204348584], [14, 11, 26.424816701392487], [13, 5, 11.792588501301712], [10, 1, 19.25408638151552], [6, 15, 35.74109158297083], [4, 15, 19.566286625106567], [14, 1, 59.71789907487307], [0, 4, 28.02706099936436], [1, 11, 33.366950001731745], [13, 9, 54.362059633171086], [10, 4, 29.773736216282586], [14, 12, 33.49567161243598], [11, 2, 16.300615363073316], [4, 5, 49.35415886553914], [6, 10, 13.83526844700572], [1, 14, 59.71789907487307], [3, 7, 26.183686928979657], [15, 10, 49.24968677848012], [3, 12, 37.580596361214745], [0, 5, 21.475419087011442], [11, 12, 36.858928052858886], [15, 13, 18.011834628296054], [4, 1, 31.638207438763967], [0, 8, 30.205252980324797], [1, 2, 49.381807795313655], [5, 15, 29.800968920098892], [7, 2, 37.99507558756853], [5, 13, 11.792588501301712], [8, 15, 38.42849571369224], [10, 15, 49.24968677848012], [0, 6, 44.196945527368904], [0, 13, 9.784953023040691], [2, 1, 49.381807795313655], [4, 0, 28.02706099936436], [13, 4, 37.561570543766756], [6, 0, 44.196945527368904], [11, 1, 33.366950001731745], [15, 5, 29.800968920098892], [7, 14, 45.00692633129113], [2, 12, 27.168562702553057], [14, 2, 12.191248965110976], [9, 7, 43.112492954317716], [6, 4, 16.175058405877593], [8, 0, 30.205252980324797], [7, 11, 45.40334716068824], [15, 6, 35.74109158297083], [10, 11, 52.59886188402838], [8, 9, 36.373353143044554], [8, 13, 23.172568351019823], [9, 5, 51.79955566016238], [12, 2, 27.168562702553057], [2, 14, 12.191248965110976], [1, 10, 19.25408638151552], [5, 8, 16.18180457646079], [4, 13, 37.561570543766756], [9, 13, 54.362059633171086], [10, 6, 13.83526844700572], [3, 8, 51.03639151663982], [15, 4, 19.566286625106567], [13, 8, 23.172568351019823], [15, 8, 38.42849571369224], [15, 0, 8.510750543819185], [1, 4, 31.638207438763967], [5, 9, 51.79955566016238], [13, 0, 9.784953023040691], [5, 0, 21.475419087011442], [4, 6, 16.175058405877593], [12, 11, 36.858928052858886], [3, 9, 19.207506483336452], [2, 7, 37.99507558756853], [14, 7, 45.00692633129113], [6, 1, 19.33415365962748], [4, 10, 29.773736216282586], [11, 10, 52.59886188402838], [9, 8, 36.373353143044554], [7, 9, 43.112492954317716], [7, 3, 26.183686928979657], [2, 11, 16.300615363073316], [0, 3, 63.32009536336208], [11, 7, 45.40334716068824], [8, 3, 51.03639151663982], [7, 12, 11.533384204348584], [1, 6, 19.33415365962748], [3, 0, 63.32009536336208], [12, 14, 33.49567161243598], [13, 15, 18.011834628296054], [8, 5, 16.18180457646079]]}