{"rp_ids": ["rp_0", "rp_1", "rp_2", "rp_3", "rp_4", "rp_5", "rp_6", "rp_7", "rp_8", "rp_9", "rp_10", "rp_11", "rp_12", "rp_13", "rp_14", "rp_15", "rp_16"], "coords": [[-8.040943638265745, -21.769938867515286], [0.9019379006060262, 46.45614831130952], [44.79708543305323, 26.364383377025945], [2.867923883598637, -52.88504826876884], [-45.587612980678976, -26.160309776828132], [6.8934412759392645, 28.449572985713647], [23.03875789952599, 20.527968309633433], [7.590315653305235, 13.23116404206356], [-32.164766358116815, -21.590796133192878], [-3.1590687649430818, -30.734853593481795], [-1.30720677380001, 55.79267948061567], [-4.871582099176218, -9.232551688328385], [35.81337359713607, 23.409240715453237], [0.38605474207962653, -42.64340958477962], [52.16276790176653, 29.27699831034988], [3.3230679014059206, 36.094098310451955], [-19.378459877067243, -19.098851691207123]], "ap_ids": [[9, 13, 14, 29, 45, 46, 47, 48, 49, 50, 52, 155, 156, 225, 30, 41, 253, 401, 42, 51, 264, 376, 39, 323, 356, 319, 154, 345, 26, 19, 20, 337, 382, 185, 224, 268, 272, 280, 289, 290, 300, 327, 346, 380], [31, 32, 33, 34, 43, 44, 51, 52, 142, 143, 224, 268, 323, 345, 379, 404, 452, 500, 280, 319, 336, 337, 376, 392, 403, 294, 325, 270, 272, 341, 350, 346, 377, 397, 264, 162, 380, 154, 408, 324, 494, 36, 161, 248, 381, 402, 269, 348, 273, 355, 393, 289, 1, 47, 35, 328, 267, 322, 281, 515, 320, 401, 300, 356, 271, 292, 383, 399, 385, 48, 290, 384, 331, 388], [35, 36, 43, 44, 51, 52, 142, 143, 248, 161, 162, 150, 31, 151, 380, 1, 32, 268, 362, 17, 183, 28, 27, 305, 413, 33, 182, 8, 18, 34, 163, 306], [13, 14, 23, 24, 29, 30, 45, 46, 47, 48, 156, 184, 185, 364, 415, 167, 211, 212, 225, 155, 41, 508, 166, 308, 253, 42, 51, 142, 143, 52, 183, 345], [13, 14, 39, 40, 41, 42, 46, 47, 48, 155, 336, 337, 380, 264, 415, 45, 154, 281, 289, 319, 364, 376, 410, 323, 156, 276, 300, 356, 350, 409, 302, 308, 327, 382, 401, 272, 345, 294, 268, 355, 404, 408, 224, 270, 273, 393, 359, 280, 331, 29, 381, 328, 299, 385, 2, 275, 411, 402, 290, 346, 392, 309, 325, 399, 269, 324, 298], [31, 36, 43, 44, 50, 51, 52, 142, 143, 161, 162, 267, 269, 280, 322, 379, 27, 28, 32, 35, 376, 392, 57, 264, 272, 319, 323, 346, 380, 33, 34, 294, 404, 452, 268, 350, 403, 393, 401, 224, 348, 410, 48, 58, 265, 326, 381, 276, 327, 345, 290, 248, 13, 359, 415, 336, 285, 385, 292, 384, 289, 47, 154, 271, 325, 434, 14, 273, 324, 328, 411, 49, 300], [31, 35, 36, 43, 44, 50, 51, 52, 142, 143, 161, 162, 268, 292, 350, 27, 28, 32, 33, 452, 34, 58, 224, 248, 264, 267, 380, 401, 294, 404, 323, 49, 336, 327, 14, 289, 13, 47, 381, 345, 385, 25], [14, 19, 20, 44, 49, 50, 51, 52, 142, 143, 201, 268, 319, 323, 376, 380, 13, 27, 28, 35, 36, 43, 161, 162, 25, 341, 397, 404, 26, 272, 382, 411, 280, 350, 45, 46, 322, 336, 31, 384, 294, 452, 264, 273, 410, 32, 270, 285, 325, 361, 328, 224, 401, 392, 72, 402, 346, 202, 289, 345, 308, 385, 154, 248, 290, 327, 403, 281, 364, 415, 291], [13, 14, 41, 42, 45, 46, 47, 48, 154, 155, 156, 253, 268, 319, 345, 404, 39, 40, 264, 324, 350, 376, 24, 30, 294, 385, 336, 415, 29, 337, 356, 393, 323, 289, 346, 23, 225, 270, 327, 401, 380, 300, 392, 290, 402, 272, 224, 452, 32, 459, 285, 281, 410, 355, 273, 43, 44, 51, 384, 388, 302, 381, 9, 409, 269, 308, 364], [13, 14, 29, 30, 40, 41, 42, 45, 46, 47, 48, 155, 156, 225, 253, 143, 308, 154, 9, 23, 24, 51, 142, 345, 36, 268, 270, 289, 401, 35, 50, 39, 49, 52, 323, 44, 185, 319, 184, 81, 264, 80, 272, 380, 327, 452, 281, 393, 404, 434, 168, 337, 325, 43, 508, 248], [31, 32, 43, 44, 51, 52, 143, 268, 289, 319, 379, 500, 142, 270, 323, 336, 382, 401, 494, 34, 325, 328, 380, 392, 294, 515, 33, 269, 376, 381, 404, 1, 273, 297, 385, 406, 337, 350, 290, 352, 393, 17, 345, 27, 264, 348, 280, 224, 346, 324, 399, 79, 248, 272, 281, 35, 402, 287, 36, 343, 384, 47, 276, 300, 409, 410, 388, 48, 331, 271, 292, 383], [9, 13, 14, 19, 20, 25, 26, 45, 46, 47, 49, 50, 264, 319, 323, 376, 268, 380, 401, 51, 52, 155, 290, 294, 327, 345, 392, 350, 393, 201, 404, 48, 272, 324, 346, 156, 281, 289, 452, 411, 269, 381, 300, 224, 337, 336, 280, 384, 410, 302, 273, 328, 202, 356, 299, 382, 154], [27, 28, 31, 35, 36, 43, 44, 51, 52, 142, 143, 161, 162, 248, 17, 58, 268, 32, 1, 14, 224, 294, 380, 401, 323, 13, 33, 34, 49, 345, 404, 150, 151], [7, 13, 14, 23, 24, 29, 30, 41, 42, 45, 46, 47, 48, 154, 225, 253, 155, 156, 185, 184, 345, 51, 308, 52, 49, 143, 9, 401, 50, 248], [8, 35, 36, 43, 44, 51, 52, 142, 143, 150, 151, 161, 162, 207, 248, 305, 362, 413, 404, 519, 210, 268, 31, 34, 17, 323, 18, 350, 33, 100, 163, 363, 414, 306, 380], [31, 32, 43, 44, 51, 52, 142, 143, 269, 324, 348, 381, 28, 48, 161, 162, 224, 268, 350, 36, 290, 319, 376, 452, 35, 328, 33, 289, 322, 345, 379, 380, 264, 294, 392, 404, 267, 272, 291, 393, 397, 409, 323, 356, 34, 320, 327, 377, 47, 403, 408, 154, 281, 336, 384, 13, 270, 300, 346, 415, 434, 14, 273, 280, 385, 411], [13, 14, 41, 42, 45, 46, 47, 48, 155, 156, 224, 319, 401, 29, 30, 49, 225, 253, 345, 81, 154, 264, 376, 393, 9, 290, 337, 380, 327, 356, 268, 346, 385, 273, 299, 328, 404, 24, 325, 289, 323, 452, 382, 23, 40, 52, 50, 402, 281, 7, 270, 272, 355, 39, 388, 300, 409, 43, 51, 294, 336, 17, 343, 350, 384, 403, 434, 302, 381]], "rssi": [[-81.8695652173913, -51.30769230769231, -51.35897435897436, -83.5625, -77.55555555555556, -77.94736842105263, -68.28947368421052, -68.94736842105263, -75.82352941176471, -77.17647058823529, -88.88888888888889, -78.53846153846153, -77.94594594594595, -86.87096774193549, -83.1875, -83.35714285714286, -86.15151515151516, -87.0, -82.25, -90.0, -93.25, -93.0, -94.0, -86.6, -97.0, -94.25, -87.0, -85.14285714285714, -97.0, -82.27272727272727, -83.16666666666667, -91.5, -85.0, -84.0, -89.0, -83.0, -85.0, -87.0, -79.0, -83.0, -91.0, -83.0, -88.0, -81.0], [-69.6, -69.72, -81.3409090909091, -83.05714285714286, -45.6, -45.74, -68.61, -68.67, -76.77777777777777, -77.18181818181819, -83.48275862068965, -80.5, -80.24324324324324, -88.55555555555556, -93.5, -83.91304347826087, -89.8, -93.5, -85.7, -93.2, -87.15, -87.0, -95.625, -85.52380952380952, -87.0, -83.95652173913044, -87.7, -87.33333333333333, -91.5, -95.0, -82.18604651162791, -82.41176470588235, -87.9, -93.0, -95.0, -87.3076923076923, -80.70833333333333, -90.0, -97.0, -84.5, -87.61538461538461, -87.0909090909091, -90.33333333333333, -87.5, -84.9090909090909, -84.66666666666667, -84.91666666666667, -87.33333333333333, -89.25, -95.0, -90.0, -91.0, -93.0, -85.47058823529412, -89.08333333333333, -86.0, -91.0, -89.0, -84.2, -92.0, -94.0, -93.0, -88.33333333333333, -86.0, -91.0, -85.0, -87.0, -83.0, -89.375, -84.5, -80.0, -80.0, -88.0, -86.0], [-63.311688311688314, -63.51948051948052, -80.25396825396825, -81.9090909090909, -74.1038961038961, -74.27272727272727, -46.27272727272727, -46.20779220779221, -78.69642857142857, -87.41304347826087, -86.88235294117646, -86.38461538461539, -95.0, -81.91666666666667, -94.5, -95.33333333333333, -99.0, -92.5, -96.0, -91.75, -98.0, -92.0, -93.66666666666667, -99.0, -96.0, -93.0, -95.0, -86.4, -89.0, -88.0, -88.0, -89.0], [-75.81896551724138, -75.44827586206897, -87.62790697674419, -86.6046511627907, -64.1880341880342, -64.24786324786325, -53.94827586206897, -53.96551724137931, -80.2621359223301, -80.53465346534654, -94.55555555555556, -83.43835616438356, -85.6891891891892, -89.73333333333333, -88.92307692307692, -93.6, -97.0, -96.0, -89.8, -92.8, -90.91176470588235, -92.33333333333333, -91.6, -87.57142857142857, -89.78571428571429, -89.47619047619048, -90.27777777777777, -90.0, -90.125, -90.77777777777777, -90.0, -91.0], [-75.53676470588235, -75.44444444444444, -82.17582417582418, -81.46875, -76.62878787878788, -76.93076923076923, -87.98076923076923, -49.044117647058826, -49.080882352941174, -87.0677966101695, -91.33333333333333, -82.03571428571429, -82.515625, -91.6842105263158, -80.48387096774194, -88.3921568627451, -78.5774647887324, -87.16666666666667, -91.0, -91.34782608695652, -81.21428571428571, -92.04545454545455, -88.82608695652173, -81.52, -86.11320754716981, -97.0, -88.14285714285714, -90.83333333333333, -86.72, -91.0, -88.66666666666667, -83.01960784313725, -87.75, -82.4, -90.5, -88.11764705882354, -89.0, -86.39393939393939, -81.81944444444444, -88.25, -87.1, -97.0, -95.66666666666667, -85.33333333333333, -88.53846153846153, -83.18181818181819, -85.3076923076923, -87.55555555555556, -94.0, -95.66666666666667, -95.0, -88.07692307692308, -96.0, -88.38461538461539, -86.0, -86.0, -85.55555555555556, -77.625, -83.0, -64.85714285714286, -85.0, -87.0, -84.0, -87.0, -86.0, -86.66666666666667, -87.0], [-85.81818181818181, -83.81132075471699, -61.98684210526316, -61.810810810810814, -82.63636363636364, -57.285714285714285, -57.467532467532465, -69.84415584415585, -70.11688311688312, -76.57142857142857, -78.72727272727273, -91.25, -83.46153846153847, -84.0, -91.36363636363636, -92.25, -88.25, -90.13333333333334, -86.11538461538461, -83.65306122448979, -90.0, -82.52631578947368, -95.8, -89.2, -87.5, -90.88888888888889, -82.0625, -81.5, -84.41304347826087, -89.5, -91.0, -85.33333333333333, -87.6842105263158, -93.7, -85.16666666666667, -86.4, -85.28571428571429, -95.0, -93.0, -92.71428571428571, -95.5, -94.0, -88.4, -93.66666666666667, -95.0, -95.5, -92.6, -96.0, -84.57142857142857, -93.0, -97.0, -88.0, -82.0, -90.0, -92.0, -82.41666666666667, -97.0, -85.11111111111111, -81.18181818181819, -82.33333333333333, -94.0, -85.4, -85.81818181818181, -86.0, -83.0, -84.6, -81.0909090909091, -84.0, -79.85714285714286, -85.0, -83.0, -80.44444444444444, -87.0], [-92.95, -79.42553191489361, -79.94623655913979, -67.36734693877551, -67.94949494949495, -79.94736842105263, -52.18, -52.48, -64.09, -64.31, -71.18181818181819, -72.28125, -86.85185185185185, -95.0, -91.875, -90.0909090909091, -89.33333333333333, -91.33333333333333, -88.7, -92.78947368421052, -85.37931034482759, -96.0, -84.91666666666667, -88.1304347826087, -96.0, -99.0, -89.6842105263158, -98.0, -97.0, -87.46153846153847, -87.28571428571429, -80.73684210526316, -97.0, -88.0, -86.95652173913044, -90.0, -87.83333333333333, -90.0, -90.0, -83.0, -90.0, -69.0], [-87.81395348837209, -73.84722222222223, -74.8840579710145, -74.35714285714286, -62.03448275862069, -62.662921348314605, -67.52272727272727, -67.35227272727273, -77.38805970149254, -78.6842105263158, -92.0, -85.18367346938776, -95.85714285714286, -85.08823529411765, -94.16666666666667, -85.19148936170212, -86.14754098360656, -94.5, -95.66666666666667, -89.86666666666666, -91.0, -73.93023255813954, -81.4375, -80.52173913043478, -88.83333333333333, -96.0, -93.66666666666667, -88.1304347826087, -89.3157894736842, -86.83333333333333, -91.0, -84.9090909090909, -86.0909090909091, -88.57142857142857, -93.75, -95.0, -96.0, -86.8125, -92.75, -96.0, -85.24242424242425, -92.0, -94.5, -96.0, -97.0, -91.33333333333333, -86.38461538461539, -95.0, -92.0, -98.0, -92.0, -84.33333333333333, -82.3913043478261, -86.38095238095238, -96.0, -76.08333333333333, -78.25, -94.0, -92.5, -82.36363636363636, -86.27272727272727, -91.0, -89.0, -78.25, -78.0, -79.0, -86.0, -88.0, -86.11111111111111, -85.0, -87.0], [-63.97222222222222, -64.0, -65.47222222222223, -65.49074074074075, -80.25531914893617, -80.22916666666667, -49.9537037037037, -49.98148148148148, -70.19626168224299, -78.25742574257426, -78.14432989690722, -83.10810810810811, -76.40425531914893, -90.47826086956522, -91.33333333333333, -85.64285714285714, -80.26153846153846, -80.6, -89.54166666666667, -93.0, -85.26315789473684, -90.25, -95.33333333333333, -85.6078431372549, -90.22222222222223, -92.0, -88.5, -92.5, -84.06521739130434, -79.0, -95.5, -84.5, -77.86666666666666, -89.33333333333333, -88.0, -96.0, -83.0625, -88.66666666666667, -85.88888888888889, -83.36842105263158, -80.225, -89.33333333333333, -92.0, -82.92307692307692, -83.52631578947368, -86.8, -83.89285714285714, -93.75, -100.0, -96.0, -96.0, -86.66666666666667, -91.33333333333333, -93.5, -96.0, -85.06666666666666, -83.26315789473684, -88.0, -84.0, -88.33333333333333, -89.0, -84.0, -80.0, -85.0, -86.0, -86.0, -86.0], [-60.857142857142854, -60.86666666666667, -77.93137254901961, -78.2135922330097, -86.125, -82.27956989247312, -82.21505376344086, -67.91666666666667, -67.83333333333333, -70.78095238095239, -70.55339805825243, -79.9, -80.07843137254902, -84.32183908045977, -84.89887640449439, -89.53571428571429, -95.0, -86.54761904761905, -91.36842105263158, -91.21428571428571, -91.05, -87.64285714285714, -81.35714285714286, -88.63888888888889, -98.0, -87.3125, -90.72727272727273, -90.70370370370371, -89.64102564102564, -99.5, -90.83333333333333, -94.0, -80.6470588235294, -88.04081632653062, -95.0, -99.0, -84.36585365853658, -97.25, -84.9, -88.0, -95.83333333333333, -88.0, -91.28571428571429, -93.0, -97.0, -98.0, -91.0, -90.0, -89.0, -84.66666666666667, -87.0, -89.0, -91.0, -89.0, -90.0, -91.0], [-71.72972972972973, -71.8108108108108, -47.55844155844156, -47.506493506493506, -72.12987012987013, -72.55844155844156, -81.35714285714286, -79.64150943396227, -83.72727272727273, -94.33333333333333, -96.0, -88.77777777777777, -80.32142857142857, -90.16666666666667, -79.63461538461539, -85.73333333333333, -91.0, -89.0, -88.44, -84.3913043478261, -86.18181818181819, -89.66666666666667, -80.13725490196079, -86.6, -80.54285714285714, -89.05555555555556, -84.27777777777777, -86.33333333333333, -95.0, -88.6, -82.23076923076923, -94.8, -88.66666666666667, -95.33333333333333, -85.1, -95.5, -89.33333333333333, -81.9375, -92.0, -95.0, -88.5, -94.0, -87.75, -98.5, -93.0, -86.25, -86.5, -87.22222222222223, -83.5, -84.33333333333333, -86.75, -96.0, -87.33333333333333, -85.55555555555556, -89.0, -93.0, -81.25, -84.2, -86.0, -80.0, -82.0, -87.5, -91.0, -87.92307692307692, -86.0, -88.0, -87.41176470588235, -84.0, -88.0, -91.0, -85.0, -87.0], [-70.10169491525424, -71.03333333333333, -70.36842105263158, -75.40350877192982, -76.05357142857143, -84.71428571428571, -82.88888888888889, -89.95652173913044, -89.56521739130434, -82.78571428571429, -66.08333333333333, -66.18333333333334, -86.5, -86.65217391304348, -81.8108108108108, -87.8, -81.21621621621621, -80.86842105263158, -83.66666666666667, -85.47826086956522, -82.43478260869566, -86.28571428571429, -88.0, -95.33333333333333, -83.0625, -89.0, -94.4, -96.0, -85.55555555555556, -85.0, -85.78947368421052, -82.54545454545455, -85.0, -89.0, -90.0, -86.71428571428571, -85.55555555555556, -82.66666666666667, -91.5, -93.0, -87.0, -85.86666666666666, -88.0, -86.0, -90.0, -88.83333333333333, -94.0, -93.0, -86.375, -94.0, -96.0, -92.0, -85.6470588235294, -85.45454545454545, -90.0, -77.0, -88.0], [-86.4, -87.30434782608695, -95.25, -63.392405063291136, -63.58227848101266, -75.46666666666667, -75.66666666666667, -65.86075949367088, -65.9367088607595, -49.53164556962025, -49.69620253164557, -80.43283582089552, -80.50769230769231, -80.26923076923077, -92.0, -94.0, -91.5, -94.77777777777777, -96.0, -89.0, -76.75, -88.0, -88.0, -91.0, -90.0, -89.0, -88.0, -88.5, -88.0, -83.0, -85.0, -77.0, -77.0], [-96.66666666666667, -67.2280701754386, -67.08771929824562, -86.96153846153847, -86.22222222222223, -63.08771929824562, -63.73684210526316, -87.66666666666667, -88.74193548387096, -53.535714285714285, -53.357142857142854, -75.07407407407408, -75.11320754716981, -96.4, -91.10526315789474, -90.66666666666667, -89.53333333333333, -89.71111111111111, -82.57142857142857, -81.95833333333333, -91.66666666666667, -92.0, -96.0, -89.07692307692308, -90.0, -91.0, -89.0, -87.0, -91.0, -91.0], [-88.78571428571429, -75.85, -75.775, -84.78571428571429, -83.15, -80.08108108108108, -80.25, -57.925, -57.95, -81.55555555555556, -77.64516129032258, -93.0, -91.38095238095238, -93.5, -71.63157894736842, -95.0, -95.5, -95.66666666666667, -96.0, -96.0, -97.0, -87.75, -99.0, -96.0, -88.125, -93.0, -86.91666666666667, -87.22222222222223, -89.0, -79.0, -86.88235294117646, -89.0, -90.0, -89.0, -89.0], [-78.92307692307692, -82.38888888888889, -54.5, -54.325, -59.65, -59.85, -72.525, -72.925, -82.66666666666667, -85.5, -87.0, -92.0, -95.0, -86.08333333333333, -80.61111111111111, -79.89473684210526, -80.95, -81.27586206896552, -85.88888888888889, -81.10526315789474, -80.45454545454545, -88.0, -89.2, -87.33333333333333, -81.78947368421052, -89.5, -79.76923076923077, -86.0, -90.0, -84.5, -91.0, -81.44444444444444, -88.44444444444444, -83.92857142857143, -86.54545454545455, -83.05555555555556, -90.5, -92.0, -95.0, -87.5, -94.0, -91.0, -80.07692307692308, -92.0, -81.9375, -92.0, -90.0, -92.0, -85.5, -87.25, -95.0, -86.0, -78.0, -85.0, -80.0, -84.77777777777777, -56.0, -88.0, -63.0, -88.0, -88.0, -81.0, -84.0, -79.0, -83.0, -83.0], [-55.34444444444444, -55.17977528089887, -77.52564102564102, -78.02380952380952, -74.61224489795919, -74.53061224489795, -61.94444444444444, -62.01111111111111, -73.94444444444444, -73.76666666666667, -89.05882352941177, -92.85714285714286, -86.13333333333334, -85.14492753623189, -85.44927536231884, -87.07692307692308, -85.48484848484848, -85.36538461538461, -90.71428571428571, -91.0, -82.48148148148148, -91.86363636363636, -93.85714285714286, -78.71428571428571, -82.93939393939394, -91.0, -95.5, -82.36363636363636, -91.5, -96.0, -80.20588235294117, -91.5, -93.0, -91.0, -94.0, -86.61538461538461, -85.1, -91.71428571428571, -91.5, -87.57142857142857, -77.88888888888889, -92.66666666666667, -94.0, -94.0, -87.6, -87.08333333333333, -83.08333333333333, -86.14285714285714, -84.2, -95.0, -91.0, -85.4, -90.0, -86.41666666666667, -88.28571428571429, -87.0, -85.0, -84.5, -83.47619047619048, -84.0, -80.75, -84.0, -88.0, -86.66666666666667, -82.0, -85.0, -83.0, -89.0, -84.0]], "edges": [[7, 12, 30.00223732441019], [12, 6, 13.09551590805664], [3, 0, 32.97200970007083], [4, 0, 37.802483191317656], [1, 7, 33.89150301557078], [5, 12, 29.355875644532087], [11, 7, 25.688857896161146], [14, 5, 45.276887766538046], [7, 5, 15.23435606364766], [1, 10, 9.594328244743442], [5, 15, 8.437199385705066], [16, 8, 13.026873014245359], [16, 9, 19.961592830177455], [10, 6, 42.85237274466417], [6, 14, 30.409759692638865], [16, 13, 30.740563503850368], [4, 9, 42.6744398369462], [8, 4, 14.179325315126851], [8, 9, 30.412896601667356], [12, 5, 29.355875644532087], [0, 16, 11.647917460581766], [8, 11, 29.96070948344693], [16, 0, 11.647917460581766], [11, 16, 17.544041113992904], [5, 1, 18.97721970292244], [14, 6, 30.409759692638865], [15, 5, 8.437199385705066], [2, 7, 39.456623874115216], [12, 7, 30.00223732441019], [14, 12, 17.37047130393272], [11, 0, 12.93177984062132], [15, 1, 10.641144238334784], [9, 4, 42.6744398369462], [3, 13, 10.538066111436613], [0, 9, 10.207957598003155], [13, 16, 30.740563503850368], [7, 15, 23.257754980580952], [15, 10, 20.235452643451833], [8, 16, 13.026873014245359], [14, 2, 7.920644164443444], [12, 2, 9.45726950557322], [11, 4, 44.09471810371686], [9, 11, 21.57038917452094], [0, 11, 12.93177984062132], [3, 11, 44.333287838403926], [3, 9, 22.9555170827993], [10, 15, 20.235452643451833], [10, 1, 9.594328244743442], [9, 13, 12.425039496030598], [6, 15, 25.11996885556099], [2, 14, 7.920644164443444], [11, 3, 44.333287838403926], [7, 2, 39.456623874115216], [5, 2, 37.960956996541846], [1, 15, 10.641144238334784], [6, 12, 13.09551590805664], [0, 13, 22.510354983581113], [9, 8, 30.412896601667356], [6, 7, 17.085014496746677], [3, 16, 40.45254836971908], [16, 4, 27.14376349557192], [16, 11, 17.544041113992904], [7, 1, 33.89150301557078], [6, 5, 17.98396701286904], [9, 16, 19.961592830177455], [13, 3, 10.538066111436613], [7, 10, 43.481588077793916], [6, 10, 42.85237274466417], [7, 11, 25.688857896161146], [6, 1, 34.09265782927313], [7, 14, 47.37269568862083], [10, 5, 28.546385081604388], [2, 5, 37.960956996541846], [12, 14, 17.37047130393272], [11, 8, 29.96070948344693], [11, 13, 33.8220071925276], [6, 2, 22.52750669504142], [5, 14, 45.276887766538046], [1, 6, 34.09265782927313], [15, 6, 25.11996885556099], [5, 10, 28.546385081604388], [1, 5, 18.97721970292244], [15, 7, 23.257754980580952], [8, 0, 24.124487864783017], [16, 3, 40.45254836971908], [4, 8, 14.179325315126851], [13, 11, 33.8220071925276], [0, 8, 24.124487864783017], [7, 6, 17.085014496746677], [9, 0, 10.207957598003155], [14, 7, 47.37269568862083], [0, 4, 37.802483191317656], [4, 11, 44.09471810371686], [5, 6, 17.98396701286904], [2, 6, 22.52750669504142], [9, 3, 22.9555170827993], [13, 0, 22.510354983581113], [11, 9, 21.57038917452094], [5, 7, 15.23435606364766], [2, 12, 9.45726950557322], [10, 7, 43.481588077793916], [4, 16, 27.14376349557192], [13, 9, 12.425039496030598], [0, 3, 32.97200970007083]]}