{"rp_ids": ["rp_0", "rp_1", "rp_2", "rp_3", "rp_4", "rp_5", "rp_6", "rp_7", "rp_8", "rp_9", "rp_10", "rp_11", "rp_12", "rp_13", "rp_14", "rp_15", "rp_16", "rp_17"], "coords": [[-6.100963480291734, -29.326471476780274], [0.2741976503522678, 42.04531258930836], [45.967383322441314, 25.47908483609621], [-47.964702749434515, -28.38313319991258], [4.954398167664406, 8.738362431362795], [1.629577339284731, -54.658819436533456], [-29.102391663888387, -21.915882247937272], [33.86372077012537, 21.45920200846627], [18.66459679478695, 18.532549753819], [-8.60882078154791, -16.134843881304064], [-3.1087098576051777, 57.227423352169545], [5.741518827179222, 26.143840821854333], [-1.1495643173360197, 49.644600370510794], [-1.5023464368295751, -41.51541236733472], [-20.910216646144008, -21.006263883124234], [2.1068756302234433, 34.24290534732147], [-14.32001555903662, -37.40121238864958], [-39.26017774920692, -25.466621458436354]], "ap_ids": [[9, 13, 14, 23, 29, 30, 41, 42, 45, 46, 47, 48, 154, 155, 156, 225, 253, 24, 40, 7, 39, 264, 54, 409, 80, 81, 350, 143, 272, 319, 26, 19, 401, 25, 323, 20, 376, 385, 53, 384, 327, 380, 355, 142, 52, 35, 51, 434, 50, 345, 49, 289, 43, 224, 268, 294, 356, 402, 410], [31, 32, 33, 34, 35, 36, 43, 51, 52, 162, 224, 268, 290, 294, 323, 324, 327, 346, 380, 404, 452, 44, 161, 289, 319, 345, 350, 384, 401, 411, 515, 341, 356, 397, 410, 28, 280, 392, 27, 270, 325, 47, 267, 320, 322, 337, 348, 142, 269, 292, 355, 14, 154, 377, 402, 379, 382, 336, 143, 266, 272, 264, 76, 276, 285, 265, 48, 75, 281, 328, 387, 403, 494, 500, 287, 300, 383, 409, 248, 299, 41, 302, 381, 399], [27, 28, 32, 35, 36, 52, 58, 142, 143, 161, 162, 248, 17, 18, 31, 150, 151, 34, 44, 45, 51, 43, 100, 172, 57, 14, 8, 173, 268, 294, 75, 33, 13, 183, 350, 170, 404, 380, 76, 46, 345, 163, 192, 401, 191, 224], [29, 30, 39, 41, 42, 47, 48, 154, 155, 156, 319, 376, 380, 404, 452, 40, 264, 294, 300, 46, 268, 350, 356, 225, 323, 327, 45, 13, 14, 280, 328, 253, 364, 410, 9, 336, 289, 411, 392, 345, 409, 224, 273, 299, 308, 415, 272, 355, 81], [19, 20, 25, 26, 31, 32, 35, 36, 49, 50, 71, 162, 268, 308, 323, 336, 345, 356, 364, 392, 415, 13, 51, 72, 161, 280, 290, 294, 324, 327, 346, 380, 397, 402, 52, 273, 285, 325, 341, 350, 399, 404, 452, 267, 272, 289, 322, 337, 401, 410, 384, 42, 224, 9, 27, 264, 320, 30, 319, 331, 393, 155, 376, 328, 359, 385, 47], [23, 24, 29, 30, 41, 42, 45, 46, 53, 54, 155, 156, 184, 185, 7, 225, 253, 14, 154, 364, 415, 9, 350, 13, 308, 48, 47, 51, 35, 52, 142, 143, 2, 272, 327], [13, 14, 23, 24, 29, 30, 40, 41, 42, 45, 46, 47, 48, 154, 156, 80, 155, 225, 7, 9, 39, 264, 319, 376, 404, 253, 401, 380, 294, 384, 224, 268, 323, 81, 355, 31, 356, 289, 290, 393, 410, 345, 382], [18, 27, 28, 31, 35, 36, 46, 51, 52, 58, 142, 143, 161, 162, 43, 44, 248, 32, 34, 57, 224, 33, 452, 75, 350, 14, 17, 45, 183, 268, 41, 29, 155, 182, 13, 30, 401, 172, 19, 20, 191, 380, 289, 345, 404], [19, 20, 25, 26, 27, 31, 32, 33, 34, 35, 36, 41, 49, 50, 51, 52, 142, 143, 161, 162, 323, 28, 43, 44, 58, 76, 248, 452, 294, 9, 401, 224, 268, 57, 75, 350, 404, 30, 42, 380, 265, 29, 384, 337, 345, 154, 280, 289, 172, 364], [9, 19, 20, 25, 26, 29, 49, 50, 155, 156, 264, 268, 294, 319, 376, 401, 404, 410, 13, 14, 23, 24, 30, 41, 42, 45, 46, 154, 253, 327, 225, 328, 345, 346, 72, 300, 323, 339, 356, 380, 48, 81, 71, 289, 350, 384, 452, 35, 290, 272, 336, 51, 47, 402, 359, 52, 385, 273, 355, 280, 299, 381, 224, 39, 40, 80, 434, 392], [31, 32, 33, 34, 35, 36, 43, 44, 51, 52, 161, 162, 267, 268, 323, 346, 380, 402, 409, 452, 224, 294, 325, 350, 384, 404, 75, 248, 328, 330, 401, 13, 18, 142, 272, 290, 321, 345, 322, 410, 143, 270, 280, 327, 336, 57, 300, 403, 500, 28, 289, 76, 269, 382, 379, 266, 271, 356, 320, 377, 383, 385, 392, 393, 281, 337, 378, 275, 515, 355, 494], [28, 31, 32, 33, 34, 35, 36, 51, 52, 143, 161, 162, 224, 280, 324, 452, 27, 43, 44, 350, 404, 47, 58, 142, 328, 385, 402, 57, 248, 384, 19, 393, 323, 345, 392, 401, 272, 75, 327, 281, 289, 290, 308, 346, 154, 341, 380, 294, 337, 382, 268, 319, 48, 299, 336, 347, 292, 264, 359, 50, 325, 76, 267, 269, 411, 41, 273, 13, 409, 14, 20, 410], [31, 32, 33, 34, 43, 44, 294, 300, 320, 346, 380, 401, 402, 452, 500, 35, 36, 51, 52, 143, 161, 162, 268, 290, 323, 325, 350, 356, 404, 515, 289, 345, 399, 494, 76, 224, 248, 75, 403, 327, 382, 13, 14, 270, 280, 383, 410, 281, 27, 267, 47, 285, 28, 272, 392, 411, 142, 276, 269, 324, 381, 48, 273, 264, 328, 297, 319, 336, 17, 18, 271, 326, 275, 299, 330, 337, 302, 384, 287, 292, 348, 387, 409, 355], [7, 9, 13, 14, 23, 24, 29, 30, 41, 42, 45, 46, 53, 155, 156, 225, 80, 81, 253, 39, 47, 48, 54, 40, 154, 185, 52, 350, 143, 51, 264, 327, 376, 184, 142, 404, 299, 289, 434, 2, 345, 384, 35, 272], [7, 9, 13, 14, 29, 30, 39, 40, 41, 42, 45, 46, 47, 48, 154, 155, 253, 264, 319, 376, 156, 289, 23, 24, 32, 81, 225, 345, 350, 401, 404, 31, 323, 380, 44, 294, 80, 224, 300, 336, 346, 385, 54, 325, 378, 53, 26, 268, 270, 402, 290, 410, 384, 327, 452, 43, 356, 25, 49, 50, 52], [31, 32, 33, 34, 35, 36, 51, 52, 161, 162, 224, 264, 281, 290, 319, 323, 327, 358, 376, 393, 409, 452, 28, 43, 142, 143, 268, 322, 345, 384, 392, 27, 44, 380, 401, 48, 289, 294, 350, 402, 404, 410, 267, 383, 403, 326, 346, 75, 265, 299, 320, 359, 248, 355, 379, 337, 47, 341, 272, 273, 270, 336, 348, 434, 41, 377], [13, 14, 23, 24, 29, 30, 41, 42, 45, 46, 47, 154, 155, 156, 225, 253, 48, 7, 9, 40, 20, 39, 327, 54], [39, 40, 41, 42, 47, 48, 154, 253, 264, 300, 319, 327, 376, 80, 81, 155, 156, 268, 270, 323, 350, 380, 13, 356, 29, 294, 30, 225, 346, 9, 14, 280, 404, 224, 325, 392, 272, 46, 252, 45, 385, 290, 401, 336, 328, 355, 452, 289, 345, 382, 393, 308]], "rssi": [[-82.12727272727273, -63.58974358974359, -63.81012658227848, -85.56666666666666, -64.69620253164557, -65.07594936708861, -67.34177215189874, -67.29113924050633, -86.75, -87.5, -80.49295774647888, -80.82432432432432, -73.33333333333333, -65.27848101265823, -65.37179487179488, -70.66176470588235, -71.25, -86.0, -81.32432432432432, -93.5625, -81.0, -93.0, -83.5, -94.0, -88.6, -86.86363636363636, -81.5, -82.0952380952381, -89.0, -94.33333333333333, -89.26666666666667, -95.0, -91.5, -89.47826086956522, -84.0, -84.81818181818181, -92.5, -95.0, -90.14285714285714, -92.0, -89.33333333333333, -79.0, -92.0, -82.61904761904762, -88.25, -83.0, -85.66666666666667, -81.0, -90.47368421052632, -88.0, -91.0, -86.0, -72.0, -87.0, -72.0, -75.0, -82.0, -77.0, -90.0], [-51.13333333333333, -50.689655172413794, -65.36764705882354, -65.88235294117646, -73.78947368421052, -73.0327868852459, -66.50769230769231, -79.67857142857143, -79.30645161290323, -80.20454545454545, -68.95454545454545, -79.3695652173913, -81.95652173913044, -78.95454545454545, -80.8695652173913, -91.25, -79.95652173913044, -82.5, -80.0909090909091, -78.78125, -75.9298245614035, -67.13432835820896, -78.78260869565217, -74.78378378378379, -92.5, -76.51219512195122, -78.55, -77.1304347826087, -76.025, -94.0, -83.83333333333333, -93.0, -90.8, -88.0, -90.4, -90.6, -80.0, -86.0, -91.0, -81.46153846153847, -83.92857142857143, -83.26666666666667, -88.85714285714286, -76.875, -91.0, -81.21428571428571, -77.05882352941177, -90.0, -91.0, -73.70588235294117, -95.0, -92.0, -92.5, -76.91666666666667, -82.54545454545455, -89.6, -83.08333333333333, -82.41666666666667, -86.64285714285714, -95.0, -83.66666666666667, -91.0, -80.88235294117646, -87.7, -94.0, -77.57692307692308, -80.84, -78.5, -82.18181818181819, -90.0, -80.0909090909091, -74.13333333333334, -83.625, -83.47619047619048, -81.0, -85.0, -85.0, -83.0, -75.0, -86.0, -80.0, -86.0, -80.0, -85.0], [-79.10909090909091, -79.5, -88.58823529411765, -50.44444444444444, -50.61538461538461, -88.42028985507247, -92.2, -72.21367521367522, -72.24786324786325, -84.41304347826087, -84.38383838383838, -76.52173913043478, -89.96, -88.13333333333334, -89.26666666666667, -86.65714285714286, -85.66666666666667, -92.0, -86.13559322033899, -94.66666666666667, -86.0, -85.734375, -81.7, -93.66666666666667, -91.61538461538461, -93.33333333333333, -88.0, -90.75, -89.92857142857143, -89.0, -94.0, -91.0, -92.0, -91.33333333333333, -93.5, -95.0, -95.0, -88.63636363636364, -95.0, -93.0, -91.0, -89.0, -92.0, -85.0, -92.0, -90.0], [-73.175, -80.39393939393939, -68.86363636363636, -58.27272727272727, -58.15909090909091, -73.26136363636364, -73.17441860465117, -68.23255813953489, -83.41538461538461, -84.41428571428571, -87.63157894736842, -87.2, -81.53333333333333, -86.5625, -87.5, -68.91764705882353, -87.33333333333333, -90.6, -93.5, -94.66666666666667, -78.16216216216216, -87.38461538461539, -88.78571428571429, -82.0, -80.74137931034483, -83.70588235294117, -94.4, -90.8, -90.28571428571429, -89.66666666666667, -81.23529411764706, -84.5, -82.9090909090909, -89.84615384615384, -83.21052631578948, -85.05, -94.0, -93.0, -88.5, -91.4, -95.0, -86.0, -84.5, -90.0, -83.72, -81.65, -86.0, -84.44444444444444, -80.0], [-63.839285714285715, -64.2280701754386, -78.28070175438596, -78.76785714285714, -89.27272727272727, -87.83333333333333, -82.19047619047619, -83.28846153846153, -77.78846153846153, -78.25, -90.66666666666667, -82.41463414634147, -81.28888888888889, -87.77272727272727, -81.08333333333333, -82.76190476190476, -85.0, -91.07692307692308, -87.25, -85.33333333333333, -88.72222222222223, -91.0, -76.42105263157895, -89.64285714285714, -77.65217391304348, -85.33333333333333, -85.6, -83.17142857142858, -91.0, -87.5, -84.68, -82.0, -89.0, -85.18181818181819, -79.17948717948718, -91.0, -89.33333333333333, -90.4, -87.57142857142857, -82.34615384615384, -93.0, -83.5625, -85.52941176470588, -94.0, -91.0, -83.625, -93.33333333333333, -84.22222222222223, -84.5, -90.08695652173913, -85.0, -95.0, -88.26666666666667, -83.86666666666666, -95.0, -89.83333333333333, -93.0, -90.5, -90.0, -92.5, -92.5, -90.0, -91.33333333333333, -93.0, -86.3125, -88.0, -82.0], [-68.58928571428571, -68.91228070175438, -47.547008547008545, -47.52991452991453, -80.42574257425743, -80.62857142857143, -73.80357142857143, -74.73684210526316, -85.90322580645162, -86.75, -87.0813953488372, -86.79166666666667, -88.1304347826087, -87.15555555555555, -93.3076923076923, -85.25581395348837, -85.24, -85.26966292134831, -89.16666666666667, -93.8, -90.9, -90.31818181818181, -95.0, -85.39506172839506, -88.16666666666667, -88.03846153846153, -90.0909090909091, -89.45454545454545, -93.0, -88.19047619047619, -85.0, -89.8, -90.0, -90.0, -90.0], [-70.1063829787234, -70.18367346938776, -89.71428571428571, -90.8, -69.65217391304348, -70.30434782608695, -69.30952380952381, -49.204081632653065, -49.08163265306123, -87.41666666666667, -87.41666666666667, -72.875, -73.26530612244898, -53.775510204081634, -67.74468085106383, -88.0, -67.93181818181819, -75.41379310344827, -93.66666666666667, -74.5625, -69.06818181818181, -84.86666666666666, -86.28571428571429, -84.84615384615384, -78.6923076923077, -76.625, -84.0, -77.8, -88.0, -86.0, -84.6, -68.71428571428571, -70.85714285714286, -85.41666666666667, -93.0, -94.0, -91.0, -77.77777777777777, -78.0, -80.0, -88.0, -73.0, -85.0], [-90.54545454545455, -68.2, -68.35, -82.55882352941177, -48.054263565891475, -48.10852713178294, -94.0, -79.0, -78.57851239669421, -88.14634146341463, -69.97674418604652, -70.31782945736434, -74.69767441860465, -75.15748031496064, -83.33928571428571, -83.62820512820512, -78.25, -83.13953488372093, -85.78571428571429, -89.53846153846153, -87.62857142857143, -87.36363636363636, -82.85714285714286, -94.0, -89.3529411764706, -89.72222222222223, -89.11111111111111, -92.5, -89.0, -89.66666666666667, -94.0, -87.8, -95.0, -93.0, -88.14285714285714, -88.0, -87.6, -90.0, -90.0, -90.0, -92.0, -89.0, -87.0, -87.0, -87.0], [-75.51724137931035, -75.20689655172414, -83.5, -85.3125, -81.71794871794872, -75.26, -75.12, -84.10909090909091, -80.45161290322581, -65.05504587155963, -65.26168224299066, -95.0, -89.13333333333334, -89.92592592592592, -65.45871559633028, -65.44545454545455, -81.29032258064517, -81.86538461538461, -63.945454545454545, -64.46788990825688, -92.75, -82.34883720930233, -79.78461538461538, -80.3972602739726, -92.86363636363636, -94.0, -83.17073170731707, -79.2909090909091, -92.2, -90.14285714285714, -86.54545454545455, -82.5, -93.5, -92.41666666666667, -93.5, -94.0, -86.5, -85.94117647058823, -95.0, -91.33333333333333, -95.0, -94.0, -93.0, -95.0, -86.54166666666667, -84.5, -89.0, -86.25, -90.75, -87.0], [-62.89333333333333, -69.51612903225806, -68.73770491803279, -70.13432835820896, -71.08108108108108, -79.4888888888889, -82.16363636363636, -81.43103448275862, -76.84745762711864, -77.08928571428571, -84.16666666666667, -81.1842105263158, -84.61111111111111, -83.95833333333333, -84.0, -83.33333333333333, -84.66666666666667, -88.4, -75.43396226415095, -74.55319148936171, -92.45454545454545, -93.0, -78.81395348837209, -73.91891891891892, -75.33333333333333, -92.0, -92.28571428571429, -65.25, -86.55882352941177, -89.0, -84.23255813953489, -91.5, -86.66666666666667, -94.0, -90.0, -89.85714285714286, -80.45454545454545, -95.0, -87.75, -80.25806451612904, -84.07142857142857, -92.0, -89.14285714285714, -85.66666666666667, -84.11764705882354, -91.5, -81.53846153846153, -92.0, -85.5, -90.0, -90.0, -93.5, -84.875, -90.5, -90.0, -95.0, -85.0, -91.0, -94.0, -87.375, -92.0, -87.0, -95.0, -76.27272727272727, -78.0, -83.0, -75.8, -85.0], [-56.32142857142857, -56.07142857142857, -69.31914893617021, -68.91111111111111, -81.41379310344827, -82.78378378378379, -76.0909090909091, -75.76923076923077, -85.13513513513513, -85.52777777777777, -89.4375, -89.78571428571429, -89.0, -83.48275862068965, -85.21052631578948, -88.23333333333333, -82.20588235294117, -91.4, -89.16666666666667, -90.77777777777777, -84.2258064516129, -82.95454545454545, -87.72727272727273, -84.3125, -84.54545454545455, -82.66666666666667, -91.5, -84.3, -86.57142857142857, -91.5, -85.0, -94.0, -93.0, -90.66666666666667, -83.15789473684211, -89.16666666666667, -94.5, -85.125, -93.4, -93.0, -87.1875, -81.85714285714286, -93.0, -90.11111111111111, -87.25, -94.0, -91.25, -91.66666666666667, -88.83333333333333, -94.0, -81.82352941176471, -88.57142857142857, -95.0, -87.0, -91.5, -95.0, -94.0, -90.2, -88.0, -89.5, -89.0, -89.5, -94.0, -93.0, -94.0, -93.0, -93.0, -88.0, -85.875, -88.0, -87.0], [-83.83333333333333, -66.94871794871794, -67.23076923076923, -77.74647887323944, -76.56451612903226, -67.23809523809524, -67.59756097560975, -66.70238095238095, -66.94047619047619, -80.07042253521126, -67.87058823529412, -68.61176470588235, -79.76811594202898, -79.91666666666667, -91.5, -79.69333333333333, -84.38461538461539, -78.75925925925925, -79.34782608695652, -85.64285714285714, -81.96153846153847, -84.55, -92.26315789473684, -81.97368421052632, -92.25, -87.33333333333333, -89.2, -92.66666666666667, -86.23076923076923, -87.33333333333333, -82.3125, -85.3076923076923, -80.51515151515152, -86.84210526315789, -90.0, -84.55882352941177, -87.3, -94.0, -85.58333333333333, -87.81818181818181, -86.0, -81.3157894736842, -92.0, -87.71428571428571, -94.0, -90.0, -81.0, -85.3125, -83.16666666666667, -92.0, -77.0, -91.5, -81.83333333333333, -82.57142857142857, -91.0, -95.0, -93.0, -90.5, -90.5, -94.0, -86.5, -93.0, -89.0, -75.88888888888889, -94.0, -88.0, -85.0, -86.0, -84.0, -86.0, -85.0, -88.0], [-50.36734693877551, -50.3469387755102, -64.90625, -64.80208333333333, -70.19791666666667, -69.92708333333333, -77.54237288135593, -89.5, -84.0, -82.42, -83.125, -78.81818181818181, -82.08888888888889, -84.92, -87.54545454545455, -76.39285714285714, -80.54716981132076, -84.65116279069767, -84.85106382978724, -92.0, -83.4375, -83.58620689655173, -79.81666666666666, -84.75675675675676, -81.51282051282051, -84.4375, -75.59615384615384, -88.53333333333333, -78.225, -86.52941176470588, -78.02941176470588, -78.63829787234043, -84.92857142857143, -86.94736842105263, -81.04838709677419, -78.44444444444444, -80.25, -79.28, -90.8, -79.76190476190476, -81.23529411764706, -90.0, -88.0, -84.72727272727273, -84.91666666666667, -89.0, -92.0, -90.0, -95.0, -92.66666666666667, -86.0909090909091, -95.0, -95.0, -84.06666666666666, -85.4, -92.0, -87.76923076923077, -90.5, -84.46666666666667, -86.0, -81.6, -83.5, -85.66666666666667, -90.0, -83.0, -94.0, -94.0, -82.29411764705883, -93.0, -87.66666666666667, -88.0, -85.83333333333333, -82.0, -81.0, -80.42857142857143, -83.22222222222223, -86.0, -82.16666666666667, -81.0, -79.0, -80.0, -83.0, -85.5, -88.0], [-91.45945945945945, -85.47058823529412, -75.50549450549451, -76.1086956521739, -71.06382978723404, -71.6304347826087, -52.38383838383838, -52.45454545454545, -74.08163265306122, -73.86813186813187, -76.36363636363636, -76.16279069767442, -83.65671641791045, -78.3695652173913, -78.88421052631578, -75.7560975609756, -89.08333333333333, -89.16666666666667, -76.82978723404256, -92.0, -86.55102040816327, -86.2127659574468, -85.25675675675676, -89.55555555555556, -79.21212121212122, -88.3, -82.68888888888888, -94.0, -88.73684210526316, -82.52941176470588, -95.0, -92.0, -94.0, -84.24, -90.0, -94.0, -94.0, -86.0, -85.0, -90.0, -88.0, -89.0, -83.0, -90.0], [-92.42857142857143, -71.12328767123287, -65.55128205128206, -65.67948717948718, -65.77333333333333, -66.63291139240506, -79.5, -78.97727272727273, -59.44303797468354, -59.12658227848101, -85.3125, -85.33333333333333, -79.65753424657534, -79.40789473684211, -65.3, -63.74324324324324, -73.95121951219512, -86.9, -86.85714285714286, -88.07692307692308, -63.88, -84.85714285714286, -88.5625, -89.19047619047619, -92.0, -84.83333333333333, -71.7948717948718, -84.14285714285714, -79.375, -86.85714285714286, -84.66666666666667, -93.0, -71.94736842105263, -78.6, -89.0, -74.4, -83.0, -80.34782608695652, -90.0, -91.0, -87.0, -92.0, -84.0, -92.0, -95.0, -92.0, -86.0, -72.625, -88.5, -79.16666666666667, -93.0, -91.0, -79.0, -80.63636363636364, -72.16666666666667, -72.0, -82.8, -87.0, -91.0, -90.0, -88.0], [-59.89473684210526, -60.473684210526315, -72.55882352941177, -72.16666666666667, -70.88888888888889, -71.55263157894737, -67.67567567567568, -67.5, -72.1025641025641, -72.97435897435898, -68.78947368421052, -88.33333333333333, -85.4, -80.53846153846153, -91.5, -77.42105263157895, -88.66666666666667, -94.0, -89.33333333333333, -77.28571428571429, -92.0, -66.25641025641026, -85.0, -70.88888888888889, -88.57142857142857, -87.0, -78.14285714285714, -92.0, -73.6, -76.0, -90.0, -83.33333333333333, -71.25, -78.76923076923077, -83.15, -87.66666666666667, -72.625, -77.6, -80.6842105263158, -76.76923076923077, -78.76923076923077, -94.0, -90.0, -93.5, -91.0, -93.0, -73.58333333333333, -90.0, -81.54545454545455, -91.0, -81.28571428571429, -89.0, -92.0, -91.0, -90.0, -86.4, -90.0, -93.0, -84.33333333333333, -89.5, -82.8, -91.0, -81.0, -84.0, -80.0, -81.0], [-79.375, -80.1, -87.9, -86.71428571428571, -68.6, -70.4, -73.0, -72.5, -85.33333333333333, -86.3, -87.6, -86.25, -81.2, -80.33333333333333, -76.71428571428571, -75.77777777777777, -89.66666666666667, -93.25, -88.5, -93.0, -94.0, -91.0, -95.0, -95.0], [-62.77319587628866, -63.08163265306123, -50.313131313131315, -50.54545454545455, -68.28282828282828, -68.31313131313131, -59.72727272727273, -80.34782608695652, -85.225, -91.6, -85.4390243902439, -89.0, -85.13888888888889, -86.875, -85.15, -80.66666666666667, -79.54878048780488, -78.22033898305085, -91.5, -77.18518518518519, -79.35, -77.96428571428571, -76.46153846153847, -93.0, -76.3030303030303, -80.0, -75.9298245614035, -79.7, -85.0, -78.42857142857143, -79.05, -82.91666666666667, -80.33333333333333, -85.21428571428571, -88.0, -83.33333333333333, -90.0, -94.0, -92.0, -91.0, -92.0, -90.0, -91.0, -80.0, -84.0, -80.5, -83.75, -74.0, -73.0, -85.0, -83.0, -88.0]], "edges": [[8, 15, 22.82484179655422], [7, 8, 15.478328819266606], [12, 15, 15.742192055727052], [4, 15, 25.66301022782035], [15, 12, 15.742192055727052], [5, 0, 26.485639779268105], [7, 15, 34.23332125715485], [8, 11, 14.997923052183681], [11, 12, 24.490257782808044], [16, 14, 17.669892101179883], [3, 14, 28.042172156060104], [10, 8, 44.40011402430662], [7, 2, 12.75374866963472], [2, 8, 28.172619718868404], [8, 12, 36.88577875215268], [16, 9, 22.019904070559242], [14, 16, 17.669892101179883], [0, 9, 13.427895846378663], [17, 6, 10.760500318110974], [0, 16, 11.521903396007824], [13, 9, 26.356692400341743], [5, 16, 23.499244980240405], [14, 6, 8.242520069187593], [14, 9, 13.23083795727374], [17, 14, 18.884275527103654], [1, 8, 29.85057448106474], [11, 2, 40.23135686143072], [15, 7, 34.23332125715485], [16, 17, 27.648619327979613], [15, 2, 44.72749361379503], [16, 3, 34.832323040447015], [7, 11, 28.50971909598104], [0, 13, 13.027569180236611], [5, 13, 13.511406141703143], [11, 4, 17.423267114249924], [16, 13, 13.461771175851737], [10, 1, 15.55443828697071], [8, 1, 29.85057448106474], [15, 8, 22.82484179655422], [10, 11, 32.31896735188019], [9, 4, 28.330854214738434], [4, 2, 44.298044403091815], [17, 3, 9.180130512021925], [9, 6, 21.293352298452177], [6, 14, 8.242520069187593], [6, 17, 10.760500318110974], [12, 1, 7.731511684151311], [9, 16, 22.019904070559242], [15, 11, 8.877244919278565], [16, 0, 11.521903396007824], [8, 4, 16.849203295779738], [3, 6, 19.940213498449356], [3, 9, 41.217787867649584], [0, 5, 26.485639779268105], [0, 6, 24.165730512521204], [13, 16, 13.461771175851737], [6, 3, 19.940213498449356], [4, 9, 28.330854214738434], [2, 4, 44.298044403091815], [6, 16, 21.408271599364245], [9, 5, 39.86127806105295], [15, 4, 25.66301022782035], [14, 0, 16.986460306133154], [8, 10, 44.40011402430662], [11, 15, 8.877244919278565], [5, 14, 40.50354068696789], [1, 11, 16.815124299918747], [9, 17, 32.04040818572584], [6, 9, 21.293352298452177], [10, 12, 7.831823262761273], [15, 1, 8.014753105848873], [9, 13, 26.356692400341743], [4, 7, 31.584310865991082], [15, 10, 23.568843838763794], [1, 12, 7.731511684151311], [11, 7, 28.50971909598104], [0, 14, 16.986460306133154], [2, 11, 40.23135686143072], [3, 17, 9.180130512021925], [7, 4, 31.584310865991082], [16, 5, 23.499244980240405], [11, 10, 32.31896735188019], [9, 14, 13.23083795727374], [16, 6, 21.408271599364245], [9, 0, 13.427895846378663], [9, 3, 41.217787867649584], [5, 9, 39.86127806105295], [13, 0, 13.027569180236611], [1, 10, 15.55443828697071], [10, 15, 23.568843838763794], [8, 7, 15.478328819266606], [3, 16, 34.832323040447015], [12, 8, 36.88577875215268], [12, 10, 7.831823262761273], [8, 2, 28.172619718868404], [11, 1, 16.815124299918747], [17, 16, 27.648619327979613], [6, 0, 24.165730512521204], [4, 11, 17.423267114249924], [14, 17, 18.884275527103654], [17, 9, 32.04040818572584], [2, 15, 44.72749361379503], [12, 11, 24.490257782808044], [2, 7, 12.75374866963472], [14, 13, 28.236334705641024], [14, 3, 28.042172156060104], [1, 15, 8.014753105848873], [11, 8, 14.997923052183681], [4, 8, 16.849203295779738], [13, 5, 13.511406141703143], [13, 14, 28.236334705641024], [14, 5, 40.50354068696789]]}