{"rp_ids": ["rp_0", "rp_1", "rp_2", "rp_3", "rp_4", "rp_5", "rp_6", "rp_7", "rp_8", "rp_9", "rp_10", "rp_11", "rp_12", "rp_13", "rp_14"], "coords": [[-17.177890780607587, -20.69039848468066], [3.4470009912683963, 35.09649202041328], [49.471102553193305, 26.878973269136623], [0.5464509908988475, -43.770291314149894], [21.089139879707343, 19.66953091033631], [-32.32540900810218, -22.868857980892063], [-0.5293061512572551, 51.49795630760491], [-1.4727156748737495, -8.80049131376048], [-3.5388621230876214, -30.93694568538397], [7.518579563107648, 27.680927736152494], [31.431075666686457, 22.7091004636816], [5.408750991983652, 8.601792020723224], [1.6180099668238956, 42.83754842962401], [3.065510990931034, -53.933777981624004], [-42.794724008353114, -26.331132980063558]], "ap_ids": [[7, 13, 14, 23, 24, 53, 54, 71, 72, 80, 81, 155, 156, 225, 253, 40, 268, 39, 41, 384, 350, 452, 26, 9, 29, 162, 33, 272, 161, 323, 380, 290, 345, 224, 25, 327, 42, 404, 434, 30, 402, 447, 392], [27, 28, 33, 34, 51, 52, 57, 58, 75, 76, 161, 162, 224, 452, 289, 350, 376, 36, 319, 35, 401, 294, 404, 264, 320, 382, 426, 265, 268, 272, 327, 336, 345, 26, 323, 383, 459, 39], [27, 28, 29, 30, 36, 57, 58, 75, 76, 33, 34, 35, 103, 150, 151, 8, 161, 162, 173, 248, 172, 350, 289, 401, 404, 345, 43, 44, 380, 294, 18, 251, 268, 51, 52, 452, 155, 156], [7, 13, 23, 24, 29, 30, 53, 54, 80, 81, 155, 156, 225, 253, 443, 14, 35, 36, 39, 185, 40, 167, 123, 434, 166, 184, 447], [25, 28, 33, 51, 52, 57, 58, 71, 72, 75, 76, 161, 162, 27, 34, 35, 36, 452, 224, 426, 155, 156, 31, 32, 294, 103, 172, 173, 345, 350, 401, 346], [7, 13, 24, 39, 40, 42, 53, 54, 80, 81, 155, 156, 225, 253, 380, 23, 41, 268, 14, 264, 319, 323, 350, 376, 392, 272, 294, 410, 336, 355, 300, 154, 327, 401, 290, 404, 384, 162, 452, 224, 289, 31, 34, 280, 161, 328, 434, 345, 409, 33, 270], [31, 33, 34, 57, 58, 75, 76, 272, 17, 27, 28, 224, 18, 380, 384, 392, 32, 452, 162, 300, 356, 294, 51, 350, 404, 500, 161, 379, 268, 142, 273, 346, 289, 336, 459, 280, 323, 281, 345, 354, 402, 410, 515], [19, 20, 25, 26, 50, 71, 72, 161, 162, 280, 323, 380, 402, 13, 54, 155, 156, 268, 289, 345, 350, 356, 401, 452, 80, 81, 294, 327, 346, 392, 410, 7, 57, 404, 299, 319, 14, 272, 290, 300, 58, 224, 336, 264, 409, 9, 384, 39, 53, 337, 434, 447, 33, 154, 34, 35, 36, 51, 52, 75, 377, 40, 41, 225, 253, 302, 355, 359, 411], [7, 13, 14, 23, 24, 39, 41, 53, 54, 80, 81, 155, 156, 225, 253, 40, 71, 72, 29, 443, 26, 30, 42, 380, 268, 345, 167, 25, 48, 434, 447, 36], [27, 28, 33, 34, 51, 52, 57, 58, 72, 75, 76, 161, 162, 376, 224, 452, 426, 294, 327, 39, 71, 404, 350, 268, 264, 35, 36, 142, 32, 43, 402, 272, 346], [27, 28, 30, 33, 35, 36, 51, 57, 58, 75, 76, 161, 162, 173, 34, 52, 103, 452, 172, 426, 224, 104, 29, 150, 155, 156], [25, 57, 58, 71, 72, 75, 161, 162, 294, 26, 281, 300, 323, 327, 76, 154, 393, 404, 452, 52, 290, 385, 410, 19, 337, 350, 20, 268, 272, 346, 401, 380, 273, 345, 51, 319, 328, 384], [27, 33, 34, 52, 57, 58, 75, 76, 224, 289, 162, 28, 161, 346, 32, 350, 401, 452, 51, 336, 515, 31, 327, 384, 294, 404, 380, 402, 345, 382, 459, 323, 272, 268, 280, 299], [7, 23, 24, 39, 53, 54, 81, 124, 155, 156, 225, 443, 29, 30, 40, 80, 166, 167, 253, 35, 14, 13, 36, 123, 185, 434, 447, 184], [7, 39, 40, 53, 54, 80, 81, 155, 156, 380, 23, 452, 268, 323, 350, 162, 42, 300, 402, 410, 290, 404, 24, 41, 154, 289, 345, 272, 346, 224, 294, 385, 270, 13, 34, 253, 382, 273, 376, 384, 327, 325, 401, 434, 280, 356, 392, 33, 225, 355, 25]], "rssi": [[-78.43589743589743, -77.61842105263158, -77.12, -88.35135135135135, -88.05714285714286, -73.30379746835443, -72.49367088607595, -85.92857142857143, -86.58620689655173, -60.55696202531646, -60.734177215189874, -65.29113924050633, -64.97402597402598, -77.57142857142857, -78.1025641025641, -81.3, -86.38095238095238, -79.15625, -84.0, -97.0, -91.0, -92.66666666666667, -82.72727272727273, -91.61538461538461, -96.0, -85.33333333333333, -92.0, -94.66666666666667, -87.42857142857143, -88.33333333333333, -93.0, -92.0, -84.0, -95.0, -83.5, -93.0, -79.23809523809524, -82.18181818181819, -54.075, -90.0, -83.0, -74.6, -87.0], [-78.76470588235294, -79.55555555555556, -76.88571428571429, -76.09677419354838, -76.93333333333334, -78.0, -71.5, -71.22222222222223, -52.86842105263158, -52.81578947368421, -72.85714285714286, -73.12121212121212, -68.83333333333333, -68.51515151515152, -91.0, -94.0, -97.33333333333333, -93.0, -97.0, -90.5, -87.0, -92.5, -83.66666666666667, -97.0, -88.22222222222223, -95.0, -95.0, -83.0, -83.0, -78.0, -80.4, -84.0, -78.0, -89.0, -83.0, -89.0, -75.0, -87.0], [-86.6, -85.44736842105263, -89.4375, -88.625, -87.4375, -64.525, -64.45, -84.17543859649123, -84.0701754385965, -86.46341463414635, -86.69047619047619, -88.81818181818181, -99.0, -91.53125, -90.97222222222223, -91.61111111111111, -88.95833333333333, -88.72340425531915, -86.0, -92.66666666666667, -87.25, -92.33333333333333, -92.0, -92.8, -93.0, -91.33333333333333, -89.71428571428571, -89.66666666666667, -91.5, -89.4, -91.0, -92.0, -88.0, -85.0, -89.33333333333333, -89.0, -87.66666666666667, -87.66666666666667], [-55.0, -88.52380952380952, -77.73333333333333, -77.56666666666666, -86.93333333333334, -87.6, -45.46666666666667, -45.416666666666664, -76.91525423728814, -76.94827586206897, -82.91071428571429, -83.05263157894737, -83.16666666666667, -83.10169491525424, -87.96153846153847, -86.17241379310344, -89.0, -88.33333333333333, -86.94117647058823, -91.07692307692308, -89.7741935483871, -92.33333333333333, -89.81818181818181, -78.93333333333334, -89.0, -90.0, -71.9], [-94.0, -81.71428571428571, -81.92105263157895, -77.27586206896552, -78.02352941176471, -66.36, -66.18, -76.08333333333333, -77.07692307692308, -66.96511627906976, -66.77906976744185, -66.66666666666667, -66.81111111111112, -81.85106382978724, -81.83116883116882, -88.94444444444444, -89.6923076923077, -81.96969696969697, -79.57894736842105, -97.0, -94.0, -95.0, -97.0, -90.0, -96.5, -96.0, -79.0, -82.66666666666667, -89.36363636363636, -88.0, -90.0, -89.0], [-82.3, -85.91666666666667, -86.67857142857143, -71.79591836734694, -72.21428571428571, -81.75, -78.75257731958763, -78.82291666666667, -46.5, -46.5, -75.94897959183673, -75.5360824742268, -84.42622950819673, -84.59677419354838, -88.3076923076923, -87.48387096774194, -83.35, -84.41666666666667, -86.09756097560975, -91.0, -92.0, -88.52380952380952, -90.6470588235294, -91.88888888888889, -88.625, -95.0, -92.66666666666667, -97.0, -93.0, -93.0, -89.36363636363636, -85.42857142857143, -93.0, -92.75, -91.53846153846153, -91.2, -92.0, -87.83333333333333, -87.6923076923077, -87.85714285714286, -89.0, -95.5, -98.0, -89.0, -86.0, -89.0, -63.98, -85.0, -87.0, -90.0, -91.0], [-87.33333333333333, -68.79411764705883, -68.69565217391305, -83.55555555555556, -83.91666666666667, -50.34285714285714, -50.214285714285715, -90.0, -95.0, -95.375, -94.71428571428571, -80.04255319148936, -93.0, -86.75, -87.0, -91.0, -88.23076923076923, -84.34782608695652, -82.77272727272727, -93.5, -91.0, -97.0, -92.0, -88.41666666666667, -86.0909090909091, -91.0, -83.42857142857143, -96.0, -88.0, -96.0, -83.0, -82.9090909090909, -83.0, -90.0, -87.5625, -86.0, -84.77777777777777, -85.0, -85.0, -88.0, -80.0, -84.0, -88.0], [-87.375, -87.0, -72.62745098039215, -74.86440677966101, -94.0, -63.86666666666667, -64.1, -61.76923076923077, -63.57142857142857, -87.66666666666667, -86.24, -87.30434782608695, -88.875, -88.71428571428571, -88.33333333333333, -83.86363636363636, -83.6590909090909, -85.12121212121212, -85.16129032258064, -80.4, -86.41176470588235, -87.5, -85.95238095238095, -79.15384615384616, -83.34615384615384, -84.34615384615384, -88.27272727272727, -85.33333333333333, -89.95, -91.0, -89.5, -93.0, -92.0, -89.75, -88.5, -98.0, -88.66666666666667, -93.0, -87.53846153846153, -90.66666666666667, -93.0, -69.58333333333333, -89.6, -96.0, -87.0, -88.5, -93.33333333333333, -91.0, -89.11764705882354, -88.0, -74.35, -84.75, -70.73333333333333, -86.0, -64.0909090909091, -82.7, -82.85714285714286, -70.0, -70.0, -83.28571428571429, -87.0, -81.0, -89.0, -83.0, -83.0, -84.0, -81.0, -84.0, -84.0], [-67.14516129032258, -75.38461538461539, -76.02586206896552, -87.47272727272727, -87.5576923076923, -82.06796116504854, -82.75471698113208, -61.71311475409836, -61.74590163934426, -67.64754098360656, -67.86065573770492, -70.72131147540983, -70.65573770491804, -77.23140495867769, -77.62809917355372, -82.70370370370371, -92.5, -91.3, -88.08333333333333, -95.5, -84.6, -88.0, -80.16279069767442, -99.5, -95.0, -98.0, -96.0, -89.0, -90.6, -68.03333333333333, -66.0, -86.22222222222223], [-75.73333333333333, -75.93333333333334, -81.0677966101695, -80.41818181818182, -71.28358208955224, -71.94285714285714, -69.3, -69.5, -94.66666666666667, -62.43478260869565, -61.98550724637681, -66.5, -66.52857142857142, -96.33333333333333, -79.04545454545455, -79.86440677966101, -93.71428571428571, -89.625, -90.66666666666667, -87.88888888888889, -92.5, -95.0, -93.5, -97.0, -97.0, -84.59375, -82.96, -97.0, -97.0, -90.0, -82.25, -85.0, -86.0], [-76.3225806451613, -76.06451612903226, -90.0, -87.07843137254902, -86.70689655172414, -85.92156862745098, -85.52941176470588, -58.29032258064516, -58.25806451612903, -75.68493150684931, -75.86567164179104, -75.18181818181819, -75.37662337662337, -90.63636363636364, -87.10204081632654, -84.95081967213115, -93.33333333333333, -88.5952380952381, -89.45454545454545, -96.25, -90.8, -96.0, -91.36363636363636, -91.0, -88.0, -88.57142857142857], [-90.5, -90.0625, -89.94117647058823, -61.2, -61.3, -91.41666666666667, -88.0, -87.9, -96.0, -90.05555555555556, -95.0, -94.33333333333333, -95.5, -96.25, -92.0, -94.75, -95.0, -96.5, -95.71428571428571, -94.75, -94.0, -96.5, -95.0, -90.5, -95.75, -96.5, -93.0, -95.0, -94.0, -93.75, -97.5, -95.33333333333333, -98.0, -98.0, -98.0, -99.0, -96.0, -96.0], [-88.9090909090909, -71.22368421052632, -70.6027397260274, -80.33333333333333, -81.03333333333333, -81.27586206896552, -48.282051282051285, -48.23076923076923, -71.03846153846153, -85.0, -74.92857142857143, -88.66666666666667, -76.62, -86.21428571428571, -92.0, -87.8, -93.0, -76.5925925925926, -84.35714285714286, -89.8, -97.0, -90.25, -84.125, -94.0, -86.0952380952381, -92.0, -94.0, -84.8, -84.52941176470588, -90.0, -78.18518518518519, -86.0, -85.0, -88.0, -89.0, -91.0], [-66.75, -77.75, -77.85, -89.83333333333333, -47.72, -47.7, -81.75, -97.0, -85.79545454545455, -85.025, -88.3409090909091, -81.36842105263158, -86.9047619047619, -86.95238095238095, -88.52631578947368, -81.04545454545455, -87.36111111111111, -87.11764705882354, -88.54761904761905, -88.33333333333333, -88.8076923076923, -87.4, -88.15789473684211, -88.0, -90.0, -81.57142857142857, -80.9, -89.11111111111111], [-86.08108108108108, -71.68354430379746, -72.2625, -86.28947368421052, -86.37333333333333, -53.25, -53.3375, -86.26470588235294, -86.2, -89.22222222222223, -93.85714285714286, -90.91666666666667, -93.6923076923077, -88.6923076923077, -91.14285714285714, -97.5, -88.80952380952381, -95.0, -87.6, -94.75, -94.0, -90.21428571428571, -95.77777777777777, -87.27272727272727, -91.57142857142857, -92.4, -90.0, -94.0, -89.0, -92.0, -93.4, -94.0, -87.0, -94.0, -88.91304347826087, -89.72727272727273, -95.0, -98.0, -97.0, -90.71428571428571, -96.0, -89.71428571428571, -87.05882352941177, -72.65, -90.0, -88.0, -88.0, -88.4, -87.0, -90.0, -73.0]], "edges": [[0, 14, 26.23051715589172], [4, 10, 10.779360783071647], [11, 1, 26.567227765404553], [14, 7, 44.88687748044477], [1, 4, 23.435788735410572], [5, 13, 47.090832154781936], [7, 5, 33.908813405884565], [1, 9, 8.45980766451961], [5, 14, 11.02696262550877], [11, 9, 19.195436860027435], [8, 13, 23.926387940735246], [3, 13, 10.471013538511263], [6, 9, 25.13999432070062], [6, 4, 38.47604283269294], [1, 2, 46.7519575954843], [0, 3, 29.100407973995026], [0, 13, 38.92194234184269], [2, 10, 18.515680092277552], [6, 10, 43.014697799135405], [7, 13, 45.360875947381885], [13, 3, 10.471013538511263], [4, 11, 19.192952868146747], [2, 1, 46.7519575954843], [11, 2, 47.702685244029915], [5, 8, 29.895807745744463], [5, 0, 15.303365454334367], [4, 2, 29.283303507698967], [13, 8, 23.926387940735246], [10, 11, 29.60029616372801], [10, 4, 10.779360783071647], [9, 12, 16.264681749310594], [3, 5, 38.95419226705317], [14, 5, 11.02696262550877], [12, 9, 16.264681749310594], [3, 8, 13.467907902368328], [10, 9, 24.42389273500351], [3, 7, 35.02804513659594], [4, 6, 38.47604283269294], [10, 2, 18.515680092277552], [11, 7, 18.71347238597687], [1, 12, 7.954191504991631], [3, 0, 29.100407973995026], [8, 0, 17.05915684484118], [9, 1, 8.45980766451961], [9, 10, 24.42389273500351], [9, 11, 19.195436860027435], [10, 1, 30.603200894990735], [4, 1, 23.435788735410572], [0, 8, 17.05915684484118], [7, 0, 19.6982846368627], [14, 3, 46.71810884140235], [8, 7, 22.232669054624], [13, 5, 47.090832154781936], [7, 14, 44.88687748044477], [8, 3, 13.467907902368328], [13, 0, 38.92194234184269], [9, 6, 25.13999432070062], [4, 9, 15.758889123512736], [10, 6, 43.014697799135405], [11, 10, 29.60029616372801], [12, 6, 8.922647091752802], [2, 4, 29.283303507698967], [12, 11, 34.44498126591768], [13, 7, 45.360875947381885], [0, 5, 15.303365454334367], [6, 1, 16.87658286667425], [11, 4, 19.192952868146747], [2, 9, 41.96018727556911], [12, 4, 30.263541363469116], [3, 14, 46.71810884140235], [9, 4, 15.758889123512736], [4, 12, 30.263541363469116], [7, 8, 22.232669054624], [7, 11, 18.71347238597687], [1, 6, 16.87658286667425], [1, 11, 26.567227765404553], [14, 8, 39.52513381421411], [9, 2, 41.96018727556911], [7, 3, 35.02804513659594], [14, 0, 26.23051715589172], [0, 7, 19.6982846368627], [5, 3, 38.95419226705317], [6, 12, 8.922647091752802], [11, 12, 34.44498126591768], [5, 7, 33.908813405884565], [12, 1, 7.954191504991631], [2, 11, 47.702685244029915], [8, 14, 39.52513381421411], [8, 5, 29.895807745744463], [1, 10, 30.603200894990735]]}