{"rp_ids": ["rp_0", "rp_1", "rp_2", "rp_3", "rp_4", "rp_5", "rp_6", "rp_7", "rp_8", "rp_9", "rp_10", "rp_11", "rp_12", "rp_13", "rp_14", "rp_15", "rp_16", "rp_17", "rp_18", "rp_19", "rp_20", "rp_21", "rp_22", "rp_23"], "coords": [[-30.120763857560533, 30.063395504395547], [-2.6143362202103693, -41.98204757212504], [32.28270975289498, 14.686716094499035], [-31.345263610706752, -25.4392519492656], [26.655704845975478, -40.69505397540828], [-3.5493317403878377, 35.16670976530219], [-47.252763263993984, -2.250975001603365], [44.17738128677391, -11.411095969727358], [-16.255527971576793, 49.34358515048962], [17.331310915218147, -54.59817808049802], [-44.692385144644504, -18.03890737122856], [41.62042814240056, 8.104420226154812], [-16.27082672484321, -32.361640844866635], [4.364314854963595, -45.25528237037361], [48.6167439848441, 2.894812351331935], [5.489822977228365, 30.028966833036513], [-24.10178514395011, -29.46238237246871], [20.72376548602637, 20.974458593139502], [-22.762494933734903, 38.822582425549626], [-53.09405498124761, -17.131081570974654], [-12.361893865132727, 40.39666355812792], [-37.84784414827098, -22.416557831689715], [10.697039093812943, -49.32607667292986], [-9.302885145061737, -37.67270737141371]], "ap_ids": [[11, 12, 60, 61, 62, 63, 64, 65, 66, 67, 74, 82, 83, 87, 131, 132, 144, 332, 478, 502, 68, 73, 85, 114, 145, 176, 501, 516, 517, 59, 84, 96, 175, 277, 389, 486, 496, 70, 249, 121, 180, 495, 98, 122, 128, 69, 97, 113, 127, 177, 503, 107, 116, 260, 313, 108, 115, 258, 248, 282, 181, 369, 394, 174, 261, 372, 371, 315, 78, 432, 99], [61, 62, 63, 65, 66, 74, 77, 82, 83, 84, 87, 139, 64, 85, 138, 248, 279, 335, 391, 489, 496, 73, 145, 389, 495, 144, 501, 502, 517, 439, 131, 127, 12, 69, 78, 11, 96, 97, 484, 516, 249, 70, 511, 277, 332], [63, 87, 127, 128, 131, 138, 139, 248, 277, 332, 481, 489, 495, 496, 502, 517, 11, 12, 61, 62, 64, 74, 85, 117, 118, 483, 69, 73, 84, 65, 132, 98, 99, 479, 66, 144, 389, 70, 501, 516, 362, 60, 511, 77, 82, 145, 449, 78, 484, 83, 68, 486, 67], [65, 78, 82, 83, 84, 85, 132, 144, 145, 286, 342, 398, 484, 66, 77, 96, 248, 517, 64, 87, 186, 187, 502, 63, 249, 496, 70, 73, 74, 121, 11, 69, 164, 165, 174, 282, 394, 138, 139, 495, 501, 439, 516, 61, 332, 131, 12, 97, 62, 59, 277, 279, 315, 371, 260, 489], [61, 62, 63, 64, 65, 66, 70, 84, 128, 248, 277, 332, 335, 389, 428, 479, 496, 517, 67, 68, 69, 77, 78, 82, 83, 85, 87, 122, 131, 144, 145, 486, 502, 229, 456, 518, 127, 279, 391, 74, 236, 457, 473, 480, 59, 60, 96, 97, 478, 511, 418, 199, 230, 455, 460, 484, 503, 73, 11, 437, 439, 465, 132, 237, 489, 12, 249, 117, 118, 139, 481, 495, 501], [11, 12, 84, 85, 122, 127, 131, 132, 144, 145, 249, 478, 496, 517, 63, 121, 128, 502, 69, 87, 277, 484, 64, 70, 78, 248, 389, 83, 82, 65, 449, 77, 332, 66, 61, 73, 74, 486, 483, 59, 62, 204, 511, 118, 113, 117, 203, 114, 60, 454, 67, 68, 503, 196, 462, 461, 157, 195], [61, 62, 69, 70, 77, 78, 82, 83, 84, 85, 98, 186, 187, 286, 342, 398, 484, 517, 65, 87, 282, 340, 496, 502, 66, 394, 109, 110, 164, 165, 175, 189, 258, 260, 274, 313, 315, 316, 338, 369, 63, 64, 73, 74, 279, 335, 391, 460, 486, 508, 371, 174, 372, 248, 277, 188, 386, 12, 329, 396, 261, 131, 249, 511, 11, 99, 127, 128, 138, 139, 178, 179, 332, 495, 501, 516, 67, 68, 118, 389, 97, 107, 108, 114, 117, 132, 180, 478, 96, 121, 144, 145, 113, 115, 60], [87, 117, 118, 127, 128, 138, 139, 479, 59, 60, 65, 66, 69, 70, 77, 78, 83, 84, 85, 144, 145, 248, 332, 428, 432, 484, 496, 502, 517, 82, 489, 495, 418, 456, 480, 131, 277, 483, 64, 62, 63, 511, 229, 234, 422, 439, 61, 73, 389, 97, 516, 455, 449, 507, 122, 503, 232, 237, 501, 431, 457, 474, 504, 233, 11, 12, 121, 132, 236, 435, 67, 68, 436, 471, 506, 5, 74], [11, 12, 61, 113, 114, 121, 122, 127, 131, 132, 144, 145, 478, 83, 116, 128, 502, 517, 82, 180, 181, 64, 65, 66, 203, 115, 496, 177, 176, 62, 63, 197, 248, 418, 467, 489, 503, 449, 107, 108, 146, 417, 506, 420, 461, 147, 198, 140, 216, 141], [61, 62, 63, 64, 65, 66, 73, 74, 78, 82, 83, 127, 128, 145, 279, 335, 391, 456, 479, 502, 87, 428, 439, 460, 480, 486, 496, 214, 455, 418, 508, 84, 389, 144, 277, 517, 229, 237, 212, 476, 77, 473, 218, 219, 248, 70, 332, 199, 469, 67, 139, 424, 12], [64, 65, 66, 69, 70, 77, 78, 82, 83, 84, 85, 87, 186, 187, 286, 342, 398, 484, 63, 189, 517, 62, 439, 502, 109, 164, 496, 249, 61, 174, 175, 495, 11, 165, 188, 260, 261, 338, 394, 425, 138], [11, 84, 85, 117, 118, 127, 128, 138, 139, 479, 481, 483, 495, 12, 70, 98, 473, 496, 516, 69, 77, 87, 99, 501, 465, 277, 517, 59, 248, 64, 66, 60, 489, 502, 78, 63, 389, 511, 65, 132, 332, 61, 82, 73, 74, 62, 83, 484, 449, 145, 198, 237, 428, 418], [61, 65, 66, 82, 83, 85, 144, 145, 484, 517, 63, 64, 84, 87, 139, 391, 496, 516, 11, 12, 59, 69, 70, 77, 78, 121, 122, 132, 138, 277, 332, 501, 502, 73, 74, 489, 495, 511, 62, 248, 389, 60, 98, 335, 96, 97, 186, 249, 286, 342, 398, 127, 128, 131, 279, 428], [61, 62, 63, 64, 65, 66, 73, 74, 77, 82, 83, 84, 85, 87, 139, 145, 335, 391, 489, 144, 279, 67, 187, 495, 277, 496, 439, 517, 138, 502, 186, 248, 78, 389, 501, 128, 249, 486, 516, 127], [12, 65, 66, 77, 82, 85, 99, 117, 118, 127, 128, 138, 139, 229, 449, 479, 483, 495, 502, 70, 234, 237, 418, 465, 496, 11, 84, 87, 98, 481, 501, 61, 62, 69, 440, 456, 484, 132, 233, 232, 516, 248, 230, 517, 83, 131, 473, 511, 428, 59, 389, 277, 145, 236, 480, 78, 198, 60, 144], [11, 12, 84, 85, 127, 128, 131, 132, 144, 248, 249, 496, 502, 517, 64, 77, 145, 63, 65, 66, 87, 277, 332, 483, 69, 73, 78, 70, 389, 82, 478, 62, 484, 489, 61, 74, 83, 114, 59, 60, 511, 139, 138, 121, 122, 117, 96, 97, 486, 157, 461, 68, 118], [65, 66, 70, 73, 77, 78, 82, 83, 84, 85, 87, 96, 144, 145, 187, 484, 489, 496, 502, 11, 61, 127, 64, 335, 12, 63, 286, 398, 62, 342, 391, 389, 501, 138, 139, 186, 249, 495, 517, 69, 131, 248, 74, 516, 511, 97, 315, 371], [11, 12, 63, 64, 65, 84, 87, 118, 127, 128, 138, 481, 496, 502, 483, 489, 61, 62, 66, 69, 74, 85, 131, 132, 144, 332, 517, 139, 248, 389, 117, 249, 70, 145, 77, 73, 60, 484, 277, 78, 82, 83, 511, 59, 67, 68, 486, 516], [11, 12, 65, 66, 83, 113, 114, 121, 131, 132, 144, 145, 177, 478, 517, 82, 116, 176, 122, 140, 63, 64, 180, 181, 502, 61, 127, 62, 128, 74, 73, 115, 141, 332, 68, 496, 503, 87, 248, 277, 389, 108, 84, 432, 77, 78, 67, 501, 516], [65, 66, 70, 77, 78, 82, 83, 84, 85, 186, 187, 260, 286, 342, 371, 398, 64, 69, 87, 164, 174, 188, 484, 439, 476, 165, 175, 282, 316, 338, 394, 12, 369, 313, 11, 189, 144, 145, 372, 249, 315, 448, 425, 261, 258, 60, 61, 62, 517, 131, 63, 318, 502, 511, 375, 111, 112, 132, 248], [11, 12, 63, 65, 66, 113, 121, 122, 127, 128, 131, 132, 144, 145, 332, 478, 484, 502, 517, 496, 114, 248, 117, 204, 84, 389, 64, 203, 61, 62, 74, 73, 82, 83, 67, 503, 85, 277, 511, 78, 87, 176, 177, 116, 157, 68, 69, 249], [61, 62, 65, 66, 69, 70, 77, 78, 82, 83, 84, 85, 87, 186, 187, 286, 332, 398, 484, 63, 342, 144, 145, 502, 249, 64, 11, 60, 517, 59, 496, 139, 277, 74, 98, 121, 495, 174, 175, 439, 501], [61, 62, 63, 64, 65, 66, 73, 74, 78, 82, 83, 279, 335, 391, 87, 97, 517, 428, 479, 84, 144, 145, 85, 456, 486, 96, 502, 77, 248, 439, 277, 12, 69, 249, 332, 501, 496, 516, 127], [62, 63, 64, 65, 66, 82, 83, 84, 85, 87, 138, 144, 145, 501, 502, 516, 61, 248, 279, 335, 391, 496, 517, 77, 131, 132, 97, 78, 484, 11, 495, 249, 187, 277, 118, 12, 139, 96, 70, 127, 511, 69, 73, 74, 121, 489, 128]], "rssi": [[-69.86923076923077, -70.53846153846153, -88.5, -86.78947368421052, -79.06944444444444, -88.09876543209876, -88.18604651162791, -82.40860215053763, -86.82716049382717, -86.65853658536585, -88.30263157894737, -84.35416666666667, -84.35593220338983, -86.5679012345679, -80.88505747126437, -82.05479452054794, -86.76288659793815, -87.1891891891892, -84.65, -84.9322033898305, -88.225, -87.0909090909091, -87.58333333333333, -89.52380952380952, -86.16304347826087, -90.4, -91.04347826086956, -89.08, -86.69642857142857, -88.66666666666667, -87.0, -91.66666666666667, -83.71428571428571, -86.78571428571429, -85.6, -88.875, -86.75757575757575, -89.34782608695652, -89.0, -90.27777777777777, -91.25, -89.9090909090909, -92.25, -90.6875, -88.625, -89.92307692307692, -90.6, -90.56521739130434, -87.0909090909091, -91.64285714285714, -91.44444444444444, -91.33333333333333, -92.53333333333333, -94.5, -90.66666666666667, -93.875, -94.5, -92.5, -86.4090909090909, -95.0, -93.375, -92.5, -95.0, -92.27272727272727, -95.0, -95.0, -95.0, -95.0, -87.875, -86.96666666666667, -95.0], [-86.17241379310344, -88.11494252873563, -81.89655172413794, -61.19101123595506, -61.38202247191011, -92.29411764705883, -91.0, -74.20930232558139, -70.6144578313253, -90.46938775510205, -83.0952380952381, -92.56, -81.3953488372093, -89.42857142857143, -90.9375, -92.09677419354838, -85.2, -86.27692307692308, -85.1063829787234, -92.16666666666667, -87.8157894736842, -91.18518518518519, -90.93846153846154, -95.0, -91.82352941176471, -90.51785714285714, -93.23076923076923, -86.45833333333333, -87.67647058823529, -91.83333333333333, -94.33333333333333, -93.57142857142857, -94.75, -89.21428571428571, -90.51612903225806, -93.66666666666667, -94.0, -93.0, -95.0, -92.66666666666667, -89.9375, -88.0909090909091, -90.0, -91.5, -89.0], [-88.55421686746988, -83.91329479768787, -63.30612244897959, -64.26530612244898, -87.0, -81.28497409326425, -81.45077720207254, -82.12612612612612, -88.93939393939394, -87.97619047619048, -81.72916666666667, -85.9795918367347, -89.0, -76.5360824742268, -74.01834862385321, -76.28787878787878, -79.52439024390245, -79.39156626506023, -91.32142857142857, -73.91666666666667, -87.81111111111112, -86.85714285714286, -86.82795698924731, -81.76470588235294, -82.27741935483871, -71.72151898734177, -88.0, -89.76, -86.6082474226804, -90.8961038961039, -90.22222222222223, -88.76923076923077, -87.57142857142857, -87.0, -83.82716049382717, -88.57142857142857, -88.29411764705883, -90.11111111111111, -89.61538461538461, -90.70588235294117, -91.33333333333333, -88.66666666666667, -73.83333333333333, -88.72916666666667, -91.4, -91.0, -90.0, -87.0, -94.0, -91.0, -90.0, -91.0, -89.5], [-71.44086021505376, -82.18947368421053, -62.47, -60.14, -80.92, -81.14, -94.75, -80.5909090909091, -80.54117647058824, -89.60606060606061, -90.77777777777777, -89.63076923076923, -77.5, -70.09876543209876, -80.92391304347827, -92.875, -93.0, -64.61538461538461, -89.71428571428571, -84.24691358024691, -90.91666666666667, -90.16666666666667, -86.54, -91.5, -89.79545454545455, -74.66, -93.08695652173913, -93.5, -94.66666666666667, -95.0, -91.8, -92.33333333333333, -88.0, -90.0, -91.0, -90.0, -93.0, -90.0, -91.86666666666666, -94.13333333333334, -91.77777777777777, -93.5, -92.0, -92.02439024390245, -92.66666666666667, -94.0, -93.0, -93.0, -91.38461538461539, -91.0, -92.0, -95.0, -92.0, -92.0, -91.0, -93.0], [-77.57777777777778, -78.12222222222222, -79.81481481481481, -80.21951219512195, -62.53333333333333, -59.48888888888889, -90.96078431372548, -88.96078431372548, -82.82, -87.95454545454545, -86.6984126984127, -85.24561403508773, -81.73076923076923, -86.91228070175438, -90.43548387096774, -91.63636363636364, -89.91666666666667, -90.07894736842105, -90.46666666666667, -91.03703703703704, -90.48936170212765, -89.71428571428571, -88.91428571428571, -81.2280701754386, -82.82142857142857, -89.13157894736842, -85.68493150684931, -94.0, -93.5, -89.80357142857143, -89.20754716981132, -93.83333333333333, -87.25, -91.66666666666667, -87.65306122448979, -91.18181818181819, -81.85245901639344, -80.30434782608695, -82.34042553191489, -87.86274509803921, -92.42857142857143, -94.33333333333333, -90.4, -93.6, -91.125, -91.42857142857143, -92.2, -94.33333333333333, -91.1, -92.0, -94.0, -93.0, -93.66666666666667, -92.6, -92.25, -93.23076923076923, -91.6875, -87.3265306122449, -93.18181818181819, -95.0, -90.88888888888889, -95.0, -94.0, -89.83333333333333, -95.0, -95.0, -92.0, -90.52941176470588, -89.0, -92.0, -93.0, -92.0, -89.0], [-61.50704225352113, -61.84507042253521, -83.27659574468085, -83.22535211267606, -88.98473282442748, -76.88764044943821, -78.19, -78.33663366336634, -81.42131979695432, -81.39901477832512, -87.53389830508475, -86.76190476190476, -79.54268292682927, -79.06410256410257, -90.07633587786259, -88.01481481481481, -78.13661202185793, -78.85119047619048, -88.38181818181818, -89.56, -87.9375, -86.2127659574468, -90.1076923076923, -88.84210526315789, -87.05263157894737, -80.62222222222222, -90.3529411764706, -85.84615384615384, -86.70175438596492, -82.69148936170212, -90.66666666666667, -87.76744186046511, -86.85714285714286, -86.87878787878788, -92.44067796610169, -88.72222222222223, -88.66666666666667, -90.33333333333333, -89.0, -94.0, -66.94915254237289, -93.0, -92.75, -90.47826086956522, -93.0, -90.6, -94.0, -94.0, -89.83333333333333, -89.0, -87.85714285714286, -86.22222222222223, -91.0, -92.66666666666667, -87.57142857142857, -91.5, -95.0, -92.0], [-90.60416666666667, -90.85106382978724, -83.6875, -85.20930232558139, -74.8, -75.24, -63.0375, -59.225, -78.0379746835443, -79.4875, -91.5, -85.59615384615384, -84.3170731707317, -84.54285714285714, -86.88571428571429, -87.26470588235294, -84.62162162162163, -87.6, -88.66666666666667, -84.45205479452055, -90.5111111111111, -92.125, -89.55555555555556, -87.07692307692308, -88.4074074074074, -90.57894736842105, -94.0, -93.71428571428571, -86.08333333333333, -89.25, -89.95454545454545, -93.14285714285714, -83.46666666666667, -88.14285714285714, -95.0, -88.16666666666667, -87.33333333333333, -90.75, -90.3953488372093, -45.05882352941177, -89.82926829268293, -90.73529411764706, -88.0952380952381, -87.07692307692308, -57.0, -56.0, -57.0, -92.0, -88.11111111111111, -93.0, -89.66666666666667, -89.72727272727273, -90.66666666666667, -90.53846153846153, -86.10714285714286, -93.0, -94.0, -55.588235294117645, -89.0, -89.0, -90.0, -89.8, -91.18181818181819, -93.0, -81.26315789473684, -90.9047619047619, -91.55555555555556, -91.9090909090909, -92.54545454545455, -91.6, -88.35714285714286, -89.625, -83.88461538461539, -88.0909090909091, -88.88235294117646, -87.6, -89.42105263157895, -89.15789473684211, -92.0, -81.81818181818181, -88.0, -84.0, -85.0, -86.0, -85.0, -78.0, -86.0, -82.0, -91.0, -89.0, -78.0, -90.0, -86.0, -89.0, -90.0], [-88.57281553398059, -85.80952380952381, -85.825, -78.47407407407407, -78.28676470588235, -85.86206896551724, -86.55223880597015, -87.72916666666667, -85.23076923076923, -86.28571428571429, -88.74285714285715, -90.72602739726027, -87.04347826086956, -85.93243243243244, -88.41489361702128, -87.92553191489361, -89.07317073170732, -85.07228915662651, -85.61627906976744, -89.64864864864865, -89.52777777777777, -83.61224489795919, -86.14285714285714, -88.76119402985074, -88.72727272727273, -85.75384615384615, -86.18367346938776, -87.17391304347827, -85.32558139534883, -87.8108108108108, -90.0, -86.5, -89.29411764705883, -86.20408163265306, -91.03333333333333, -85.0, -88.42307692307692, -88.0, -90.73333333333333, -92.57142857142857, -88.58333333333333, -90.61194029850746, -91.14, -93.58333333333333, -93.5, -88.73684210526316, -62.75, -87.77777777777777, -88.57692307692308, -94.25, -91.66666666666667, -92.5, -91.05555555555556, -95.0, -93.42105263157895, -87.73333333333333, -95.0, -90.0, -91.25, -95.0, -94.0, -94.0, -91.0, -88.9, -86.76923076923077, -87.17647058823529, -92.875, -90.25, -88.72727272727273, -92.85714285714286, -89.25, -92.0, -94.0, -91.0, -91.0, -92.84615384615384, -90.0], [-58.78294573643411, -59.46511627906977, -89.0, -86.07894736842105, -86.42307692307692, -87.73809523809524, -86.0875, -85.77551020408163, -71.203125, -71.2578125, -80.62790697674419, -80.6875, -78.13333333333334, -86.29545454545455, -89.88461538461539, -85.35849056603773, -87.96296296296296, -88.93333333333334, -84.64102564102564, -78.86206896551724, -86.82352941176471, -91.0, -86.57142857142857, -91.0, -89.0, -88.72727272727273, -90.33333333333333, -90.28571428571429, -88.17142857142858, -93.33333333333333, -86.0, -93.28571428571429, -82.0, -91.36363636363636, -93.75, -92.8, -90.38181818181818, -90.71428571428571, -93.42857142857143, -93.5, -92.0, -94.4, -94.66666666666667, -94.0, -92.21428571428571, -94.0, -92.5, -92.0, -95.0, -92.0], [-71.31538461538462, -70.5923076923077, -75.99230769230769, -76.61538461538461, -58.238461538461536, -55.63846153846154, -83.73770491803279, -85.3305785123967, -93.66666666666667, -79.03614457831326, -72.09677419354838, -73.0246913580247, -72.92134831460675, -89.82978723404256, -68.53076923076924, -68.4076923076923, -69.12307692307692, -90.25, -90.22222222222223, -92.5, -82.92045454545455, -90.87096774193549, -92.8, -90.71084337349397, -95.0, -65.15686274509804, -95.0, -92.16666666666667, -89.6896551724138, -94.0, -91.82539682539682, -95.0, -94.5, -91.15, -90.0, -92.13333333333334, -93.5, -90.55, -94.0, -92.0, -92.92857142857143, -94.4, -95.0, -94.5, -92.7, -94.0, -94.5, -95.0, -94.0, -93.0, -93.0, -90.0, -92.0], [-89.48837209302326, -71.5375, -71.51898734177215, -87.9076923076923, -86.18840579710145, -68.4375, -69.5625, -48.05, -44.1625, -65.825, -67.05, -81.07692307692308, -87.91803278688525, -87.71186440677967, -84.0, -81.65, -81.76315789473684, -78.35, -89.1, -85.75, -90.07407407407408, -92.09756097560975, -89.4375, -88.05263157894737, -95.0, -91.66666666666667, -89.2, -90.80952380952381, -92.17142857142858, -92.0952380952381, -91.5, -92.0, -84.0, -89.0, -84.0, -89.0, -93.0, -93.0, -91.0, -91.0, -92.0], [-82.20833333333333, -88.18518518518519, -87.42105263157895, -74.95035460992908, -75.26027397260275, -55.38926174496644, -55.69798657718121, -73.28859060402685, -73.12080536912751, -89.0, -86.55633802816901, -74.76335877862596, -87.50877192982456, -82.80263157894737, -90.44444444444444, -89.06521739130434, -90.66666666666667, -86.60526315789474, -87.42222222222222, -89.75, -90.1875, -91.40845070422536, -88.29069767441861, -87.64, -89.0, -90.0, -87.4375, -87.2, -83.42105263157895, -90.25, -89.24444444444444, -88.6923076923077, -90.0, -87.0909090909091, -89.73333333333333, -90.85714285714286, -92.0, -62.8203125, -93.05882352941177, -92.25, -91.2, -94.0, -89.33333333333333, -93.5, -95.0, -93.4, -93.0, -94.0, -92.0, -91.0, -90.0, -90.0, -89.0, -94.0], [-87.56521739130434, -70.38775510204081, -69.16326530612245, -68.46, -67.76, -90.64864864864865, -86.69767441860465, -86.55813953488372, -90.26315789473684, -86.0, -88.4, -88.9, -90.76086956521739, -79.39583333333333, -91.72, -91.25, -87.0, -82.0, -91.42857142857143, -91.14285714285714, -92.2, -88.38888888888889, -85.63636363636364, -90.59375, -90.96875, -92.57142857142857, -93.0, -93.66666666666667, -91.96, -90.2, -91.4, -88.0, -85.37037037037037, -88.0, -88.84615384615384, -91.0, -90.42857142857143, -92.58823529411765, -92.48, -92.0, -89.0, -92.0, -95.0, -91.17647058823529, -92.36842105263158, -91.29411764705883, -92.0, -92.0, -91.0, -91.0, -92.0, -85.0, -85.0, -93.0, -83.0, -89.0], [-78.675, -78.875, -76.6125, -74.575, -56.7875, -55.175, -92.23809523809524, -91.95454545454545, -94.44444444444444, -71.8875, -71.7, -91.90243902439025, -92.23684210526316, -83.32394366197182, -93.4, -91.63934426229508, -84.81944444444444, -81.81159420289855, -94.0, -91.6875, -81.79729729729729, -94.0, -93.66666666666667, -95.0, -91.6, -69.0, -95.0, -89.0, -90.0, -88.72, -95.0, -92.61538461538461, -93.14285714285714, -94.0, -92.22222222222223, -94.0, -88.1923076923077, -93.0, -93.0, -93.0], [-83.12820512820512, -85.89795918367346, -86.19565217391305, -88.57142857142857, -88.36842105263158, -87.95454545454545, -88.33962264150944, -70.44036697247707, -69.88073394495413, -52.03669724770642, -53.1651376146789, -70.63302752293578, -70.55045871559633, -88.0, -89.75, -85.95604395604396, -79.92207792207792, -84.05263157894737, -88.14285714285714, -90.76923076923077, -90.48571428571428, -89.25, -91.6, -85.0, -88.64285714285714, -83.52380952380952, -87.6875, -89.22727272727273, -88.48, -83.91304347826087, -85.91666666666667, -89.0, -90.75, -92.54545454545455, -89.0, -76.37931034482759, -86.0, -89.57142857142857, -91.16666666666667, -87.5, -84.0, -84.10526315789474, -91.0, -85.83333333333333, -91.0, -84.0, -85.0, -76.81159420289855, -92.07142857142857, -91.5, -92.0, -88.83333333333333, -89.0, -88.0, -90.8, -88.5, -91.77777777777777, -91.0, -89.44444444444444], [-70.19745222929936, -70.02547770700637, -82.5774647887324, -83.05333333333333, -78.49673202614379, -78.77852348993288, -86.1938775510204, -86.87735849056604, -87.54807692307692, -82.31372549019608, -81.34532374100719, -70.22448979591837, -69.26451612903226, -70.05755395683454, -87.67768595041322, -87.11111111111111, -88.17592592592592, -88.08661417322834, -82.56976744186046, -87.11494252873563, -90.87837837837837, -88.33333333333333, -88.48, -90.86666666666666, -89.22058823529412, -90.2, -88.21052631578948, -90.37142857142857, -89.0, -89.04395604395604, -90.0, -84.86666666666666, -91.9074074074074, -89.33333333333333, -91.38775510204081, -89.61904761904762, -88.06349206349206, -93.0, -90.0, -89.86666666666666, -91.47058823529412, -90.42857142857143, -88.5, -62.333333333333336, -93.33333333333333, -91.57142857142857, -88.25, -90.0, -88.28571428571429, -95.0, -93.0, -91.0, -90.0], [-68.775, -68.4125, -93.0, -95.0, -88.45333333333333, -89.35526315789474, -62.9125, -61.1625, -87.2125, -85.8375, -81.5, -94.0, -87.73239436619718, -88.27631578947368, -93.0909090909091, -77.375, -95.0, -86.84313725490196, -89.72916666666667, -91.21428571428571, -92.21621621621621, -92.6, -89.97916666666667, -94.0, -90.57142857142857, -89.75471698113208, -92.0, -92.375, -92.61363636363636, -91.0909090909091, -95.0, -94.0, -93.0, -92.0, -92.41176470588235, -93.05, -89.93939393939394, -92.875, -91.0625, -93.25, -92.5925925925926, -93.0, -95.0, -93.0, -90.15384615384616, -93.6, -92.0, -92.0], [-75.80701754385964, -76.62608695652175, -85.02970297029702, -84.53061224489795, -86.96153846153847, -85.25925925925925, -78.00854700854701, -89.36363636363636, -71.76724137931035, -71.99152542372882, -88.32727272727273, -88.77142857142857, -64.17391304347827, -62.85585585585586, -79.04, -83.06557377049181, -88.54, -80.49122807017544, -88.18181818181819, -88.71428571428571, -87.76315789473684, -86.31914893617021, -85.66666666666667, -86.9090909090909, -88.15625, -86.26315789473684, -63.61616161616162, -87.80701754385964, -81.41791044776119, -87.0, -88.42424242424242, -88.32, -88.25925925925925, -89.58620689655173, -88.32, -87.60975609756098, -88.66666666666667, -93.41176470588235, -88.73684210526316, -87.93333333333334, -87.17241379310344, -88.25, -85.27777777777777, -89.0, -93.07692307692308, -89.73333333333333, -89.0909090909091, -95.0], [-50.74311926605505, -51.77272727272727, -90.64102564102564, -86.43589743589743, -82.01886792452831, -82.72093023255815, -82.45161290322581, -83.01538461538462, -70.58181818181818, -70.5229357798165, -76.89090909090909, -76.48181818181818, -86.68181818181819, -71.57142857142857, -88.06666666666666, -83.025, -89.38461538461539, -86.93103448275862, -87.203125, -91.14285714285714, -90.43478260869566, -88.91428571428571, -89.67391304347827, -90.35555555555555, -91.08333333333333, -79.0909090909091, -87.125, -85.76, -86.66666666666667, -90.0, -91.53333333333333, -90.84, -89.0, -90.84615384615384, -88.0, -86.0, -85.55223880597015, -93.5, -85.95121951219512, -88.83333333333333, -89.4, -93.0, -90.0, -90.94736842105263, -88.0, -88.33333333333333, -94.0, -87.0, -89.0], [-86.10714285714286, -86.03448275862068, -86.375, -72.17777777777778, -71.95555555555555, -55.81111111111111, -53.077777777777776, -75.02222222222223, -76.32222222222222, -79.74418604651163, -79.55172413793103, -87.85714285714286, -71.64044943820225, -69.86666666666666, -85.33333333333333, -68.58888888888889, -90.60714285714286, -81.25454545454545, -85.25, -88.52631578947368, -89.36, -82.79310344827586, -88.98412698412699, -87.57894736842105, -93.81818181818181, -88.92727272727272, -89.64814814814815, -90.16666666666667, -90.75, -93.57142857142857, -91.22222222222223, -60.06060606060606, -89.9, -90.76923076923077, -78.77777777777777, -76.57575757575758, -95.0, -94.0, -91.70588235294117, -91.17391304347827, -90.46666666666667, -93.0, -91.28571428571429, -92.75, -87.85714285714286, -92.0, -92.26315789473684, -91.34615384615384, -91.0, -90.05555555555556, -91.0, -93.0, -85.0, -93.0, -92.0, -91.0, -91.0, -91.0, -89.0], [-52.23255813953488, -53.48837209302326, -88.70491803278688, -83.54098360655738, -81.0377358490566, -87.95, -85.67826086956522, -85.85365853658537, -79.24358974358974, -80.39795918367346, -65.04651162790698, -65.20930232558139, -72.55813953488372, -72.14728682170542, -88.42857142857143, -80.77049180327869, -89.8, -83.76388888888889, -83.69491525423729, -85.66666666666667, -89.19444444444444, -80.22388059701493, -92.33333333333333, -85.5, -87.81818181818181, -86.55555555555556, -88.74545454545455, -87.0909090909091, -91.86363636363636, -87.1, -88.375, -87.84210526315789, -88.88888888888889, -89.0, -90.1, -89.15384615384616, -86.77777777777777, -87.66666666666667, -95.0, -90.0, -93.41176470588235, -89.0, -90.8, -90.0, -95.0, -91.0, -91.0, -94.0], [-92.11111111111111, -91.50980392156863, -72.04444444444445, -72.15555555555555, -88.27272727272727, -78.3076923076923, -73.93333333333334, -78.02222222222223, -56.077777777777776, -53.4, -74.18888888888888, -74.33333333333333, -86.17777777777778, -90.58974358974359, -88.0, -85.1590909090909, -95.0, -86.28571428571429, -76.91111111111111, -90.45454545454545, -85.5, -87.11764705882354, -70.73684210526316, -85.96428571428571, -91.5925925925926, -90.82222222222222, -93.0, -90.5, -74.40625, -95.0, -86.3, -94.0, -93.5, -92.66666666666667, -92.0, -94.0, -95.0, -93.0, -92.0, -89.0, -88.0], [-71.96666666666667, -73.77777777777777, -69.4888888888889, -69.44444444444444, -48.1, -45.27777777777778, -84.71621621621621, -84.82716049382717, -94.2, -73.2125, -73.225, -73.1685393258427, -75.43820224719101, -76.66292134831461, -81.52054794520548, -95.0, -92.0, -91.9, -92.66666666666667, -89.7741935483871, -91.26229508196721, -90.84482758620689, -89.4, -92.07692307692308, -91.4, -95.0, -89.0, -92.73684210526316, -91.0, -91.0, -92.83333333333333, -92.0, -93.0, -93.0, -92.0, -91.57142857142857, -86.0, -93.0, -91.0], [-90.0952380952381, -88.10526315789474, -86.97222222222223, -62.675, -62.8875, -69.6125, -67.625, -90.91836734693878, -91.23333333333333, -79.98701298701299, -90.57142857142857, -87.14492753623189, -89.33846153846154, -91.6774193548387, -90.27586206896552, -91.6, -90.18032786885246, -90.075, -88.43589743589743, -88.06060606060606, -89.2, -88.84375, -89.44444444444444, -90.41935483870968, -94.33333333333333, -93.66666666666667, -94.16666666666667, -92.39285714285714, -93.66666666666667, -92.57142857142857, -90.87878787878788, -73.54545454545455, -94.0, -94.0, -95.0, -93.2, -91.75, -92.33333333333333, -90.0, -92.0, -93.18181818181819, -91.24, -92.0, -92.0, -92.0, -93.0, -92.0]], "edges": [[15, 0, 35.610603477776834], [4, 13, 22.753060250120924], [22, 4, 18.143141001336513], [21, 10, 8.124750150313155], [2, 15, 30.874640718522453], [14, 7, 14.978883605114586], [7, 17, 39.98620060062597], [1, 4, 29.29832173579565], [15, 8, 29.084613950258934], [5, 0, 27.057066012468713], [5, 17, 28.117667796186623], [17, 5, 28.117667796186623], [17, 14, 33.23991362450292], [1, 23, 7.956575876945885], [14, 11, 8.722869343091352], [13, 23, 15.629708873025887], [13, 1, 7.708153921237695], [11, 7, 19.68231139308237], [12, 3, 16.5878906268345], [9, 4, 16.740405671831006], [6, 21, 22.25091536207815], [15, 2, 30.874640718522453], [1, 13, 7.708153921237695], [5, 15, 10.397245810648565], [11, 15, 42.26235172726307], [18, 0, 11.439732386513885], [16, 10, 23.547156717798323], [3, 10, 15.261413863577223], [12, 16, 8.350425704810048], [10, 19, 8.450574165516393], [20, 8, 9.757448054421431], [22, 1, 15.20287723374287], [9, 23, 31.557122151766304], [10, 21, 8.124750150313155], [4, 9, 16.740405671831006], [21, 6, 22.25091536207815], [8, 18, 12.370615077061123], [4, 22, 18.143141001336513], [22, 9, 8.473996451024354], [15, 11, 42.26235172726307], [15, 5, 10.397245810648565], [0, 15, 35.610603477776834], [4, 7, 34.125640532809264], [23, 16, 16.92385528670697], [8, 15, 29.084613950258934], [22, 23, 23.147310548706216], [10, 3, 15.261413863577223], [7, 4, 34.125640532809264], [14, 2, 20.145710912713007], [10, 16, 23.547156717798323], [16, 19, 31.50575645458459], [2, 11, 11.424517653718784], [19, 6, 15.98556412648307], [17, 7, 39.98620060062597], [18, 15, 29.58920652080798], [2, 7, 28.68063816302821], [5, 20, 10.247617668393977], [5, 8, 19.037626384416043], [19, 16, 31.50575645458459], [1, 9, 23.600753984890552], [8, 0, 23.748062635998846], [14, 4, 48.80946308291046], [13, 9, 15.982261638357642], [2, 14, 20.145710912713007], [7, 11, 19.68231139308237], [6, 10, 15.994197217175442], [0, 8, 23.748062635998846], [2, 17, 13.158453491720985], [15, 17, 17.721656915416393], [0, 5, 27.057066012468713], [19, 10, 8.450574165516393], [4, 1, 29.29832173579565], [1, 22, 15.20287723374287], [3, 12, 16.5878906268345], [17, 2, 13.158453491720985], [3, 19, 23.281658470006462], [3, 16, 8.285744305762131], [12, 1, 16.704848353128074], [19, 3, 23.281658470006462], [15, 18, 29.58920652080798], [18, 8, 12.370615077061123], [17, 11, 24.54197216488442], [7, 14, 14.978883605114586], [16, 21, 15.446610683567913], [19, 21, 16.136393775133165], [7, 2, 28.68063816302821], [16, 23, 16.92385528670697], [8, 20, 9.757448054421431], [18, 20, 10.519041496265128], [6, 19, 15.98556412648307], [23, 13, 15.629708873025887], [14, 17, 33.23991362450292], [17, 15, 17.721656915416393], [18, 5, 19.557889579454404], [13, 22, 7.528264244766817], [3, 21, 7.170790289496475], [20, 15, 20.643956248822796], [6, 16, 35.72713925040647], [23, 22, 23.147310548706216], [20, 18, 10.519041496265128], [4, 14, 48.80946308291046], [5, 18, 19.557889579454404], [3, 6, 28.12018373021089], [21, 12, 23.7586270022046], [20, 5, 10.247617668393977], [23, 12, 8.7612577583733], [6, 3, 28.12018373021089], [13, 4, 22.753060250120924], [21, 19, 16.136393775133165], [15, 20, 20.643956248822796], [11, 14, 8.722869343091352], [9, 22, 8.473996451024354], [21, 16, 15.446610683567913], [16, 3, 8.285744305762131], [1, 12, 16.704848353128074], [20, 0, 20.5463839173281], [8, 5, 19.037626384416043], [11, 17, 24.54197216488442], [9, 1, 23.600753984890552], [21, 3, 7.170790289496475], [16, 12, 8.350425704810048], [12, 21, 23.7586270022046], [9, 13, 15.982261638357642], [23, 9, 31.557122151766304], [0, 18, 11.439732386513885], [16, 6, 35.72713925040647], [10, 6, 15.994197217175442], [23, 1, 7.956575876945885], [22, 13, 7.528264244766817], [12, 23, 8.7612577583733], [11, 2, 11.424517653718784], [0, 20, 20.5463839173281]]}